3 0.6265625 0.66640625 0.0375 0.12265625
3 0.340625 0.33125 0.0234375 0.0921875
3 0.85546875 0.25859375 0.02265625 0.08046875
1 0.22734375 0.4234375 0.0265625 0.1
2 0.453125 0.67890625 0.02734375 0.12890625
2 0.478125 0.6 0.02265625 0.11484375
2 0.51640625 0.53515625 0.04296875 0.08046875
2 0.59765625 0.46953125 0.02109375 0.10078125
2 0.51171875 0.484375 0.01875 0.05390625
2 0.62265625 0.58203125 0.02421875 0.11328125
2 0.62890625 0.49140625 0.0203125 0.0859375
2 0.7515625 0.475 0.02421875 0.0984375
2 0.796875 0.38203125 0.0203125 0.07421875
2 0.81015625 0.43828125 0.02421875 0.090625
2 0.78828125 0.47890625 0.02734375 0.10859375
2 0.90625 0.421875 0.025 0.0859375
2 0.9640625 0.421875 0.02578125 0.10078125
2 0.959375 0.5796875 0.04921875 0.11875
2 0.9 0.73046875 0.05234375 0.125