0 0.0578125 0.59375 0.01875 0.02890625
2 0.4609375 0.496875 0.03046875 0.10703125
2 0.4765625 0.45703125 0.01328125 0.11640625
2 0.57578125 0.434375 0.02734375 0.12109375
2 0.65078125 0.43203125 0.02734375 0.11875
2 0.68359375 0.42578125 0.0359375 0.1234375
2 0.72890625 0.48515625 0.0609375 0.046875
2 0.7890625 0.503125 0.03046875 0.12734375
2 0.796875 0.44296875 0.0234375 0.0578125
2 0.8265625 0.43984375 0.021875 0.1171875
2 0.84375 0.38046875 0.01328125 0.0640625
2 0.85078125 0.4296875 0.02734375 0.1125
2 0.85 0.509375 0.01953125 0.1203125
2 0.8640625 0.5328125 0.0390625 0.12890625
2 0.8984375 0.47421875 0.03125 0.1203125
2 0.9203125 0.534375 0.0265625 0.125
2 0.934375 0.48828125 0.0296875 0.1296875
3 0.85234375 0.64296875 0.0515625 0.1375