0 0.5453125 0.21484375 0.01796875 0.0203125
2 0.090625 0.39609375 0.01953125 0.1265625
1 0.83125 0.4078125 0.03125 0.12890625
3 0.103125 0.47578125 0.02265625 0.13671875
2 0.1296875 0.4765625 0.03125 0.09453125
2 0.128125 0.571875 0.04765625 0.14140625
2 0.19375 0.57578125 0.0296875 0.13671875
2 0.25390625 0.66640625 0.05078125 0.07421875
2 0.36171875 0.48203125 0.0421875 0.1453125
2 0.4640625 0.3578125 0.04140625 0.12265625
2 0.41015625 0.525 0.040625 0.14140625
2 0.51953125 0.56328125 0.028125 0.14921875
2 0.57421875 0.70703125 0.0296875 0.14609375
2 0.58828125 0.621875 0.0296875 0.14765625
2 0.68359375 0.5328125 0.03359375 0.13671875
2 0.38046875 0.9046875 0.03125 0.17578125
2 0.671875 0.7453125 0.02734375 0.15625