2 0.1359375 0.8171875 0.04296875 0.1234375
2 0.09296875 0.58203125 0.02890625 0.10390625
2 0.13671875 0.44140625 0.02421875 0.096875
2 0.2265625 0.5078125 0.025 0.08828125
2 0.25390625 0.3703125 0.0171875 0.0796875
2 0.21484375 0.76171875 0.02890625 0.11484375
2 0.2703125 0.4734375 0.0265625 0.090625
2 0.346875 0.39921875 0.02265625 0.09375
2 0.55234375 0.353125 0.01953125 0.0640625
2 0.57421875 0.32578125 0.02265625 0.065625
2 0.56953125 0.44296875 0.02265625 0.08828125
2 0.46015625 0.84453125 0.04296875 0.1234375
2 0.61875 0.63125 0.02421875 0.10390625
2 0.63515625 0.5671875 0.0234375 0.096875
2 0.63125 0.49375 0.02578125 0.06796875
2 0.7140625 0.36328125 0.0234375 0.08203125
2 0.796875 0.4390625 0.02265625 0.08203125
2 0.76953125 0.64140625 0.02421875 0.10859375
2 0.828125 0.490625 0.02734375 0.084375
3 0.95546875 0.8703125 0.0390625 0.1171875
3 0.43125 0.48359375 0.04296875 0.08828125
3 0.30859375 0.14921875 0.0125 0.04765625
0 0.22890625 0.94296875 0.0203125 0.0375