0 0.75 0.753125 0.01484375 0.03125
2 0.17265625 0.72890625 0.0296875 0.1515625
2 0.15 0.60234375 0.028125 0.14609375
2 0.20859375 0.45546875 0.02734375 0.11640625
2 0.23671875 0.73984375 0.03125 0.14609375
2 0.23515625 0.60703125 0.02421875 0.13359375
2 0.33359375 0.47421875 0.02734375 0.125
2 0.36171875 0.340625 0.028125 0.10703125
2 0.47890625 0.41640625 0.02578125 0.13359375
2 0.4484375 0.67265625 0.03515625 0.1375
2 0.47421875 0.715625 0.03515625 0.16015625
2 0.63515625 0.5625 0.03203125 0.1375
2 0.70234375 0.690625 0.034375 0.13359375
2 0.7546875 0.6921875 0.0453125 0.13125
3 0.84765625 0.72109375 0.046875 0.14921875
1 0.7828125 0.3109375 0.03359375 0.1171875