3 0.9421875 0.86875 0.03515625 0.12890625
3 0.41484375 0.484375 0.02734375 0.0875
0 0.36015625 0.82421875 0.01953125 0.0328125
2 0.1109375 0.81953125 0.02734375 0.1234375
2 0.19296875 0.74921875 0.03515625 0.1046875
2 0.08984375 0.57890625 0.02734375 0.10234375
2 0.13515625 0.440625 0.02734375 0.0859375
2 0.21640625 0.50859375 0.02578125 0.09453125
2 0.2375 0.3734375 0.01953125 0.08046875
2 0.26171875 0.4734375 0.025 0.09609375
2 0.32578125 0.4109375 0.01640625 0.0796875
2 0.33828125 0.39609375 0.0171875 0.07734375
2 0.5359375 0.34765625 0.02421875 0.0640625
2 0.553125 0.32734375 0.0203125 0.06328125
2 0.553125 0.44375 0.01953125 0.08203125
2 0.44375 0.84453125 0.03359375 0.1234375
2 0.60859375 0.625 0.02578125 0.10859375
2 0.609375 0.54609375 0.02109375 0.07421875
2 0.6171875 0.48984375 0.02734375 0.0734375
2 0.69609375 0.36328125 0.025 0.08046875
2 0.753125 0.6296875 0.02578125 0.10625
2 0.78046875 0.4359375 0.0265625 0.0859375
2 0.8078125 0.484375 0.01953125 0.07734375