2 0.08515625 0.534375 0.02578125 0.11015625
2 0.075 0.60078125 0.0296875 0.14921875
2 0.209375 0.521875 0.03515625 0.1375
2 0.3203125 0.4421875 0.03828125 0.1296875
2 0.521875 0.3734375 0.02421875 0.1203125
2 0.5703125 0.37890625 0.04296875 0.10859375
2 0.815625 0.48203125 0.03671875 0.1328125
2 0.71875 0.528125 0.0390625 0.13984375
2 0.67734375 0.6359375 0.0453125 0.1578125
2 0.2515625 0.95234375 0.03828125 0.09375
2 0.309375 0.70625 0.04375 0.165625
2 0.365625 0.57578125 0.03828125 0.14921875
2 0.41484375 0.51015625 0.04140625 0.1390625
3 0.66640625 0.5875 0.028125 0.14609375
3 0.628125 0.3328125 0.028125 0.10234375
3 0.06953125 0.3828125 0.02890625 0.11328125