0 0.5734375 0.4265625 0.01328125 0.028125
3 0.425 0.37265625 0.02578125 0.08828125
3 0.1890625 0.71015625 0.03984375 0.15
2 0.0546875 0.68984375 0.03046875 0.14765625
2 0.11875 0.52265625 0.03046875 0.13359375
2 0.453125 0.465625 0.03828125 0.10234375
2 0.33125 0.59375 0.03125 0.14375
2 0.55078125 0.4109375 0.02578125 0.09453125
2 0.58828125 0.453125 0.02109375 0.10078125
2 0.60625 0.41484375 0.01796875 0.10234375
2 0.62734375 0.403125 0.02890625 0.09609375
2 0.803125 0.4171875 0.03828125 0.1046875
2 0.88203125 0.70234375 0.03515625 0.14609375
2 0.7828125 0.95078125 0.0453125 0.09609375