2 0.221875 0.68828125 0.03125 0.14609375
2 0.315625 0.61875 0.03203125 0.1390625
2 0.39765625 0.5 0.053125 0.0578125
2 0.3984375 0.434375 0.03515625 0.0734375
2 0.61953125 0.3890625 0.0234375 0.13125
2 0.62890625 0.45 0.0265625 0.13984375
2 0.65078125 0.51953125 0.03828125 0.1328125
2 0.7421875 0.47421875 0.0296875 0.1375
2 0.8296875 0.37109375 0.0359375 0.13125
2 0.8921875 0.37109375 0.0328125 0.11875
2 0.98515625 0.478125 0.02890625 0.1375
2 0.8609375 0.7671875 0.040625 0.165625
2 0.9390625 0.65 0.0390625 0.14296875
3 0.928125 0.7765625 0.04609375 0.171875
3 0.47890625 0.29921875 0.02734375 0.12109375
3 0.9015625 0.20546875 0.034375 0.09453125
1 0.30390625 0.465625 0.0328125 0.12109375