2 0.38359375 0.275 0.0296875 0.09453125
2 0.328125 0.29765625 0.02578125 0.10078125
2 0.246875 0.38125 0.03515625 0.1265625
2 0.2390625 0.43828125 0.0359375 0.13671875
2 0.32578125 0.4953125 0.03359375 0.13984375
2 0.353125 0.471875 0.03125 0.13125
2 0.42578125 0.36171875 0.02734375 0.1125
2 0.434375 0.45 0.02734375 0.1296875
2 0.48515625 0.4 0.03125 0.11875
2 0.63125 0.40078125 0.03671875 0.125
2 0.6765625 0.4578125 0.0484375 0.12265625
0 0.76328125 0.0703125 0.0171875 0.0265625
1 0.6859375 0.24765625 0.0328125 0.08828125
3 0.090625 0.4359375 0.03515625 0.14609375