3 0.975 0.16640625 0.04375 0.11484375
3 0.453125 0.31015625 0.03046875 0.12734375
1 0.40234375 0.36640625 0.05078125 0.12890625
0 0.39296875 0.28671875 0.015625 0.02265625
2 0.40703125 0.4359375 0.04609375 0.1234375
2 0.36875 0.82734375 0.0484375 0.17421875
2 0.53984375 0.66953125 0.0390625 0.15390625
2 0.55703125 0.46171875 0.04296875 0.1328125
2 0.59296875 0.3984375 0.03359375 0.13515625
2 0.6296875 0.36640625 0.02421875 0.06171875
2 0.6265625 0.471875 0.03671875 0.13359375
2 0.65390625 0.40625 0.02734375 0.12734375
2 0.68359375 0.35703125 0.02265625 0.11875
2 0.6796875 0.4984375 0.053125 0.1390625
2 0.71640625 0.43984375 0.03515625 0.1375
2 0.76875 0.41875 0.03984375 0.12265625
2 0.85078125 0.5515625 0.0390625 0.14921875
2 0.91171875 0.715625 0.0578125 0.18046875
2 0.67109375 0.34140625 0.02265625 0.125