0 0.41875 0.9125 0.015625 0.03046875
3 0.50703125 0.1171875 0.02890625 0.0859375
2 0.2890625 0.1859375 0.02734375 0.09375
2 0.39765625 0.0875 0.021875 0.08828125
2 0.58515625 0.0234375 0.02421875 0.046875
2 0.83515625 0.028125 0.0234375 0.05546875
2 0.84921875 0.1 0.02265625 0.08828125
2 0.87109375 0.1296875 0.01953125 0.09609375
2 0.7859375 0.23203125 0.02734375 0.1046875
2 0.8609375 0.2328125 0.0265625 0.1046875
2 0.25703125 0.4890625 0.03046875 0.1203125
2 0.44609375 0.45234375 0.02734375 0.1125
2 0.91875 0.1921875 0.02734375 0.10078125
2 0.9265625 0.3390625 0.02734375 0.1046875
2 0.975 0.43515625 0.03046875 0.125
2 0.96015625 0.628125 0.0328125 0.11484375
2 0.74765625 0.6703125 0.03203125 0.12109375
2 0.559375 0.72109375 0.03359375 0.10625
2 0.53515625 0.7890625 0.0484375 0.1234375