3 0.38984375 0.14296875 0.021875 0.07734375
3 0.53125 0.4109375 0.0234375 0.1046875
2 0.1578125 0.60078125 0.0328125 0.1265625
2 0.37578125 0.67890625 0.03203125 0.1109375
2 0.31640625 0.4640625 0.02890625 0.11015625
2 0.365625 0.5078125 0.0296875 0.10625
2 0.4171875 0.340625 0.025 0.1
2 0.46015625 0.58046875 0.02421875 0.11484375
2 0.5078125 0.7140625 0.03515625 0.11484375
2 0.5078125 0.88515625 0.0671875 0.13671875
2 0.7296875 0.8109375 0.02890625 0.1375
2 0.8359375 0.84375 0.0484375 0.13671875
2 0.875 0.75078125 0.03359375 0.125
2 0.98828125 0.60625 0.02265625 0.12890625
2 0.9296875 0.51171875 0.02890625 0.1171875
2 0.8609375 0.52109375 0.028125 0.10234375
2 0.73203125 0.5875 0.02421875 0.10390625
2 0.6953125 0.434375 0.02734375 0.10078125
2 0.67109375 0.309375 0.02578125 0.0859375
2 0.83671875 0.37578125 0.021875 0.09453125
2 0.8984375 0.4140625 0.02421875 0.10078125
0 0.53828125 0.91328125 0.015625 0.03125
2 0.58515625 0.4203125 0.0265625 0.09609375