1 0.36640625 0.36953125 0.040625 0.12265625
3 0.8703125 0.69609375 0.05546875 0.19296875
2 0.87734375 0.4390625 0.0390625 0.15
2 0.365625 0.703125 0.046875 0.1890625
2 0.53515625 0.3859375 0.02578125 0.14296875
2 0.51640625 0.52578125 0.0296875 0.17265625
2 0.51328125 0.59609375 0.0359375 0.1640625
2 0.59296875 0.6546875 0.046875 0.1828125
2 0.64921875 0.35078125 0.01640625 0.12109375
2 0.63046875 0.375 0.0375 0.13125
2 0.67734375 0.48125 0.03046875 0.14375
2 0.74375 0.53359375 0.03515625 0.16015625
2 0.7546875 0.59609375 0.04453125 0.16953125