1 0.3890625 0.3703125 0.0453125 0.12109375
3 0.44375 0.30390625 0.02734375 0.1234375
0 0.4125 0.3078125 0.01328125 0.02109375
2 0.41171875 0.434375 0.03515625 0.11640625
2 0.359375 0.815625 0.04375 0.17421875
2 0.52265625 0.67265625 0.0359375 0.15625
2 0.54375 0.45703125 0.04296875 0.13125
2 0.5796875 0.4 0.0296875 0.13515625
2 0.62109375 0.36953125 0.0234375 0.07734375
2 0.63515625 0.40625 0.01640625 0.125
2 0.65703125 0.34296875 0.01875 0.125
2 0.67265625 0.35234375 0.03125 0.11640625
2 0.65234375 0.496875 0.04140625 0.1375
2 0.7 0.43515625 0.03203125 0.14296875
2 0.75 0.41640625 0.03515625 0.1234375
2 0.61484375 0.46484375 0.04375 0.1390625
2 0.82265625 0.54765625 0.04609375 0.14140625
2 0.88828125 0.70546875 0.05625 0.1703125
3 0.96484375 0.16640625 0.0359375 0.1