1 0.5453125 0.19375 0.03046875 0.10703125
3 0.66171875 0.12734375 0.02734375 0.0984375
3 0.66796875 0.47578125 0.03515625 0.1265625
0 0.31015625 0.7390625 0.01640625 0.02890625
2 0.021875 0.58125 0.04375 0.1453125
2 0.165625 0.5125 0.0328125 0.12890625
2 0.17890625 0.56796875 0.05546875 0.171875
2 0.24921875 0.51953125 0.04296875 0.1453125
2 0.31875 0.43046875 0.0296875 0.1234375
2 0.3234375 0.509375 0.03125 0.11484375
2 0.41796875 0.43046875 0.03671875 0.1234375
2 0.35625 0.59921875 0.040625 0.1328125
2 0.353125 0.753125 0.05390625 0.1578125
2 0.60546875 0.33359375 0.0296875 0.1203125
2 0.6484375 0.34921875 0.02734375 0.10703125
2 0.6 0.41953125 0.02734375 0.1234375
2 0.8328125 0.53359375 0.04140625 0.12734375
2 0.8859375 0.64140625 0.040625 0.16171875