2 0.17265625 0.40390625 0.03203125 0.125
2 0.175 0.56796875 0.0296875 0.1453125
2 0.21015625 0.78046875 0.0375 0.1765625
2 0.27734375 0.4765625 0.0296875 0.1375
2 0.42109375 0.3375 0.025 0.10390625
2 0.41875 0.79765625 0.04453125 0.165625
2 0.7484375 0.70390625 0.04765625 0.15546875
2 0.62578125 0.4921875 0.0296875 0.11875
2 0.64296875 0.37421875 0.034375 0.08203125
2 0.72265625 0.365625 0.03515625 0.11015625
2 0.9171875 0.4359375 0.028125 0.1296875
0 0.47578125 0.36328125 0.0140625 0.02109375
3 0.23984375 0.31484375 0.03203125 0.1046875
3 0.3171875 0.60546875 0.04375 0.15