2 0.68984375 0.89375 0.03828125 0.1515625
2 0.39765625 0.925 0.03515625 0.15
2 0.234375 0.9 0.03203125 0.153125
2 0.03828125 0.39609375 0.0265625 0.10703125
2 0.26171875 0.39765625 0.02265625 0.10859375
2 0.33828125 0.49765625 0.02578125 0.11640625
2 0.3671875 0.359375 0.0328125 0.08203125
2 0.5515625 0.315625 0.02734375 0.0859375
2 0.62734375 0.4125 0.02734375 0.10625
2 0.715625 0.60703125 0.05859375 0.13359375
2 0.6828125 0.45546875 0.0328125 0.1046875
3 0.29375 0.4125 0.03671875 0.1
0 0.62421875 0.24609375 0.01015625 0.01484375