0 0.53515625 0.86953125 0.0125 0.0265625
2 0.1796875 0.609375 0.03125 0.1171875
2 0.3890625 0.6796875 0.0296875 0.1046875
2 0.47578125 0.58984375 0.0265625 0.1109375
2 0.37890625 0.51953125 0.028125 0.1046875
2 0.33203125 0.47734375 0.0296875 0.10078125
2 0.43203125 0.3578125 0.0234375 0.08984375
2 0.59375 0.4328125 0.025 0.1
2 0.6765625 0.3265625 0.01640625 0.084375
2 0.703125 0.45 0.0234375 0.10234375
2 0.7359375 0.5921875 0.02421875 0.10859375
2 0.52578125 0.71640625 0.03359375 0.10234375
2 0.53515625 0.865625 0.06484375 0.1375
2 0.73984375 0.80625 0.03515625 0.12734375
2 0.834375 0.390625 0.02734375 0.0921875
2 0.89296875 0.428125 0.03046875 0.10078125
2 0.8578125 0.53203125 0.0234375 0.10703125
2 0.9296875 0.51796875 0.0265625 0.10625
2 0.84140625 0.84609375 0.03203125 0.1265625
2 0.8828125 0.7484375 0.02734375 0.1234375
2 0.98515625 0.61015625 0.02578125 0.11640625
3 0.53984375 0.4234375 0.02265625 0.096875
3 0.4015625 0.16171875 0.02109375 0.07109375