3 0.7640625 0.26796875 0.03515625 0.1046875
3 0.71171875 0.72421875 0.040625 0.13984375
1 0.11953125 0.553125 0.025 0.1515625
2 0.05078125 0.6921875 0.0625 0.153125
2 0.0875 0.715625 0.0515625 0.14296875
2 0.11328125 0.81796875 0.05078125 0.16171875
2 0.1828125 0.821875 0.04140625 0.18203125
2 0.29921875 0.565625 0.0421875 0.13359375
2 0.33515625 0.56875 0.0359375 0.153125
2 0.54765625 0.3953125 0.021875 0.0984375
2 0.56484375 0.35859375 0.021875 0.11875
2 0.609375 0.36015625 0.02734375 0.11484375
2 0.4515625 0.69140625 0.065625 0.1625
2 0.69765625 0.50859375 0.0484375 0.1109375
2 0.69765625 0.83515625 0.05078125 0.165625
2 0.91875 0.5609375 0.04765625 0.1234375