2 0.18125 0.39609375 0.03515625 0.1203125
2 0.23203125 0.525 0.03515625 0.1328125
2 0.3359375 0.296875 0.03046875 0.11875
2 0.35546875 0.28828125 0.02734375 0.10234375
2 0.31796875 0.45078125 0.028125 0.12109375
2 0.43125 0.33984375 0.02734375 0.0984375
2 0.55390625 0.4375 0.03046875 0.1171875
2 0.71796875 0.48828125 0.03515625 0.13359375
2 0.775 0.47421875 0.03046875 0.1328125
2 0.7546875 0.56328125 0.02734375 0.1390625
2 0.81796875 0.5609375 0.03828125 0.13515625
2 0.31171875 0.30703125 0.02109375 0.03515625
0 0.296875 0.3203125 0.009375 0.01875
3 0.3203125 0.37109375 0.0203125 0.0578125