2 0.13125 0.39609375 0.03515625 0.11015625
2 0.053125 0.61328125 0.034375 0.13359375
2 0.434375 0.27734375 0.0234375 0.09453125
2 0.4625 0.2546875 0.0234375 0.1
2 0.3125 0.721875 0.034375 0.1453125
2 0.48828125 0.95859375 0.03515625 0.08203125
2 0.6078125 0.70390625 0.02734375 0.15
2 0.63515625 0.8125 0.02734375 0.13984375
2 0.7265625 0.54609375 0.02890625 0.13515625
2 0.74609375 0.62890625 0.02109375 0.13671875
2 0.77109375 0.72578125 0.03359375 0.1515625
2 0.78984375 0.8171875 0.04296875 0.14765625
2 0.8109375 0.7015625 0.02890625 0.1375
2 0.9515625 0.74921875 0.03046875 0.15546875
3 0.10625 0.465625 0.02421875 0.12890625
1 0.98515625 0.58828125 0.0265625 0.13359375
0 0.5 0.2359375 0.0125 0.0203125