3 0.55078125 0.66328125 0.03671875 0.178125
3 0.63046875 0.2125 0.0390625 0.1265625
3 0.13671875 0.30390625 0.02421875 0.1328125
0 0.6734375 0.2125 0.015625 0.0265625
2 0.80234375 0.2875 0.03046875 0.11875
2 0.690625 0.3171875 0.02578125 0.12890625
2 0.6703125 0.36328125 0.02109375 0.12890625
2 0.6875 0.390625 0.0234375 0.13515625
2 0.871875 0.47421875 0.0296875 0.16015625
2 0.621875 0.471875 0.03515625 0.153125
2 0.5703125 0.38046875 0.021875 0.10234375
2 0.57421875 0.43984375 0.02265625 0.1453125
2 0.4828125 0.43203125 0.0328125 0.14140625
2 0.36328125 0.5046875 0.0421875 0.16015625
2 0.2984375 0.4890625 0.03046875 0.153125
2 0.25390625 0.51328125 0.03828125 0.1578125
2 0.2171875 0.63359375 0.0453125 0.16953125
2 0.15390625 0.6171875 0.03671875 0.17421875