2 0.27109375 0.75234375 0.03046875 0.16640625
2 0.19921875 0.3171875 0.02265625 0.0921875
2 0.2140625 0.3078125 0.01640625 0.090625
2 0.34375 0.37265625 0.02421875 0.08828125
2 0.3671875 0.36875 0.0375 0.090625
2 0.40703125 0.32890625 0.025 0.096875
2 0.475 0.325 0.028125 0.0921875
2 0.47734375 0.44296875 0.04296875 0.10625
2 0.5609375 0.4375 0.03203125 0.11484375
2 0.32421875 0.89296875 0.03046875 0.16015625
2 0.73671875 0.615625 0.03359375 0.13515625
2 0.73515625 0.33046875 0.02578125 0.08203125
2 0.76484375 0.32734375 0.02734375 0.09375
3 0.33359375 0.51484375 0.03125 0.1203125