1 0.65625 0.48515625 0.0234375 0.090625
3 0.95859375 0.64609375 0.02734375 0.08828125
3 0.05078125 0.515625 0.015625 0.0921875
2 0.03671875 0.5890625 0.0234375 0.1
2 0.06640625 0.734375 0.025 0.1046875
2 0.13359375 0.653125 0.028125 0.10078125
2 0.21640625 0.534375 0.02421875 0.08828125
2 0.26015625 0.55859375 0.02265625 0.096875
2 0.28203125 0.57265625 0.01953125 0.10234375
2 0.3203125 0.49140625 0.03203125 0.09375
2 0.328125 0.58671875 0.02578125 0.0921875
2 0.359375 0.52734375 0.03125 0.084375
2 0.403125 0.57109375 0.0234375 0.08828125
2 0.428125 0.62109375 0.028125 0.09375
2 0.45390625 0.63125 0.01875 0.08828125
2 0.45078125 0.55703125 0.01953125 0.0609375
2 0.4671875 0.6109375 0.0265625 0.09609375