3 0.4546875 0.53671875 0.0375 0.11328125
3 0.115625 0.315625 0.02109375 0.078125
2 0.08515625 0.87734375 0.046875 0.1390625
2 0.05859375 0.4671875 0.03671875 0.10625
2 0.20234375 0.403125 0.01875 0.08828125
2 0.22890625 0.4859375 0.03125 0.10390625
2 0.27421875 0.4125 0.0328125 0.09609375
2 0.35703125 0.50703125 0.03515625 0.1
2 0.50625 0.4359375 0.01875 0.05703125
2 0.5234375 0.4640625 0.025 0.096875
2 0.55234375 0.49921875 0.0328125 0.0515625
2 0.5546875 0.4015625 0.0234375 0.08828125
2 0.50234375 0.51328125 0.0234375 0.10703125
2 0.59140625 0.49375 0.0359375 0.10390625
2 0.64609375 0.41484375 0.02734375 0.08984375
2 0.68984375 0.46484375 0.0296875 0.09609375
2 0.49375 0.6890625 0.03203125 0.1234375
2 0.76640625 0.67265625 0.03359375 0.12265625
2 0.87890625 0.46015625 0.02734375 0.1125