0 0.31171875 0.52890625 0.01875 0.03046875
3 0.4859375 0.11015625 0.0125 0.053125
3 0.80078125 0.3375 0.025 0.10078125
3 0.71953125 0.89453125 0.04765625 0.1859375
2 0.890625 0.6890625 0.0359375 0.1375
2 0.98828125 0.45546875 0.02265625 0.1125
2 0.8421875 0.36328125 0.0234375 0.1
2 0.69296875 0.20859375 0.01796875 0.0734375
2 0.38359375 0.284375 0.01953125 0.08828125
2 0.4765625 0.19921875 0.01796875 0.07578125
2 0.4609375 0.3078125 0.021875 0.0859375
2 0.54609375 0.53046875 0.0296875 0.12109375
2 0.390625 0.50859375 0.028125 0.12265625
2 0.28671875 0.77109375 0.04375 0.16171875
2 0.6296875 0.6703125 0.0328125 0.1390625
2 0.72734375 0.31171875 0.02734375 0.09375
2 0.19296875 0.46015625 0.03125 0.12734375