2 0.25390625 0.3265625 0.03046875 0.12265625
2 0.34609375 0.60859375 0.025 0.13125
2 0.4734375 0.51796875 0.02421875 0.1234375
2 0.484375 0.59375 0.02421875 0.13515625
2 0.59765625 0.42265625 0.03125 0.1125
2 0.45703125 0.77265625 0.03515625 0.14609375
2 0.9859375 0.35625 0.02734375 0.10390625
2 0.92109375 0.38125 0.03828125 0.1109375
2 0.93515625 0.48046875 0.03046875 0.1296875
2 0.89453125 0.7625 0.0328125 0.15625
2 0.90703125 0.9 0.03828125 0.15546875
3 0.96484375 0.54453125 0.03515625 0.13125
3 0.46328125 0.2453125 0.02578125 0.10390625
1 0.03984375 0.46484375 0.034375 0.1390625
0 0.165625 0.34765625 0.01171875 0.02421875