2 0.16875 0.75 0.028125 0.15390625
2 0.3296875 0.43359375 0.0328125 0.11015625
2 0.20625 0.56171875 0.03984375 0.13359375
2 0.32265625 0.68515625 0.02734375 0.1453125
2 0.359375 0.5296875 0.02890625 0.11484375
2 0.51171875 0.421875 0.025 0.11640625
2 0.55234375 0.34609375 0.025 0.09375
2 0.76640625 0.39453125 0.02578125 0.11484375
2 0.62890625 0.790625 0.03515625 0.15390625
2 0.30546875 0.975 0.0328125 0.046875
2 0.90078125 0.8046875 0.04453125 0.1578125
2 0.45859375 0.503125 0.03828125 0.11484375
3 0.52734375 0.64609375 0.04765625 0.14140625
3 0.5828125 0.296875 0.028125 0.08359375
0 0.68359375 0.3375 0.01328125 0.02109375