2 0.93359375 0.85 0.034375 0.1171875
2 0.76875 0.609375 0.01796875 0.096875
2 0.778125 0.5734375 0.02265625 0.08828125
2 0.78046875 0.30703125 0.01875 0.078125
2 0.5328125 0.2578125 0.0171875 0.05546875
2 0.52734375 0.31640625 0.01796875 0.0671875
2 0.59140625 0.3953125 0.0234375 0.07578125
2 0.4453125 0.6625 0.021875 0.1
2 0.40078125 0.446875 0.01953125 0.0859375
2 0.32265625 0.2515625 0.0171875 0.0671875
2 0.25703125 0.3 0.0171875 0.07421875
2 0.1484375 0.41640625 0.0203125 0.08046875
2 0.22578125 0.459375 0.0203125 0.0859375
2 0.1515625 0.53671875 0.01953125 0.10078125
2 0.1859375 0.7484375 0.0234375 0.10234375
2 0.24375 0.92578125 0.02734375 0.1171875
3 0.19140625 0.22734375 0.01953125 0.065625
3 0.615625 0.4859375 0.02578125 0.0859375