3 0.2109375 0.5984375 0.01953125 0.0734375
0 0.75234375 0.496875 0.00703125 0.01171875
1 0.76484375 0.47890625 0.02265625 0.040625
2 0.01171875 0.8203125 0.0234375 0.1125
2 0.18046875 0.49375 0.01796875 0.053125
2 0.21875 0.48125 0.0140625 0.053125
2 0.23125 0.84765625 0.02421875 0.1171875
2 0.35 0.48828125 0.01875 0.05546875
2 0.284375 0.69140625 0.01953125 0.1046875
2 0.359375 0.63203125 0.01953125 0.07421875
2 0.44765625 0.45546875 0.01484375 0.0453125
2 0.421875 0.5171875 0.01953125 0.059375
2 0.4640625 0.53515625 0.0171875 0.0578125
2 0.57421875 0.44453125 0.01640625 0.0453125
2 0.73046875 0.6234375 0.02109375 0.07421875
2 0.6484375 0.86953125 0.02578125 0.12265625
2 0.9421875 0.59375 0.02734375 0.06796875