0 0.834375 0.36953125 0.0171875 0.0265625
1 0.89453125 0.39140625 0.02421875 0.0453125
3 0.5109375 0.79453125 0.02109375 0.07578125
3 0.05078125 0.86640625 0.02578125 0.084375
3 0.1328125 0.57109375 0.01640625 0.0640625
2 0.0078125 0.8234375 0.015625 0.08359375
2 0.02578125 0.59375 0.02265625 0.071875
2 0.04375 0.5265625 0.01640625 0.0578125
2 0.07421875 0.46875 0.0171875 0.0578125
2 0.1328125 0.41484375 0.0125 0.059375
2 0.20078125 0.42890625 0.015625 0.05390625
2 0.18984375 0.46640625 0.01328125 0.05390625
2 0.1828125 0.49140625 0.0125 0.0609375
2 0.09375 0.56953125 0.01953125 0.065625
2 0.03828125 0.65390625 0.015625 0.0578125
2 0.08203125 0.67890625 0.02265625 0.078125
2 0.109375 0.62578125 0.01796875 0.071875
2 0.24296875 0.415625 0.01484375 0.0578125
2 0.24140625 0.565625 0.0140625 0.065625
2 0.31875 0.40859375 0.0125 0.04921875
2 0.33203125 0.44140625 0.01640625 0.05703125
2 0.36484375 0.44921875 0.01875 0.06171875
2 0.30546875 0.646875 0.0203125 0.0671875
2 0.32265625 0.66484375 0.01875 0.07421875
2 0.4421875 0.54375 0.01640625 0.05703125
3 0.09921875 0.2921875 0.01171875 0.0390625