2 0.015625 0.40859375 0.0234375 0.08984375
2 0.03984375 0.4078125 0.01875 0.06796875
2 0.06796875 0.40546875 0.01328125 0.04765625
2 0.32265625 0.40546875 0.0125 0.0453125
2 0.45703125 0.41953125 0.01171875 0.06328125
2 0.46953125 0.42109375 0.01796875 0.0671875
2 0.6453125 0.42890625 0.01953125 0.0640625
2 0.66875 0.42578125 0.0140625 0.059375
2 0.57265625 0.41796875 0.015625 0.05078125
2 0.5875 0.4171875 0.01484375 0.03671875
2 0.54921875 0.4125 0.0140625 0.0453125
1 0.5296875 0.51328125 0.08203125 0.22578125
0 0.60234375 0.3578125 0.01953125 0.0390625