0 0.9421875 0.45546875 0.009375 0.01484375
1 0.96171875 0.4375 0.02421875 0.046875
3 0.2 0.528125 0.01796875 0.04765625
2 0.5421875 0.4203125 0.01640625 0.05078125
2 0.471875 0.4328125 0.015625 0.05390625
2 0.50703125 0.49140625 0.01171875 0.06171875
2 0.41796875 0.56328125 0.0140625 0.05546875
2 0.38984375 0.56796875 0.01640625 0.06328125
2 0.3484375 0.43203125 0.015625 0.053125
2 0.28203125 0.38046875 0.01484375 0.03671875
2 0.32109375 0.4515625 0.01328125 0.046875
2 0.271875 0.4203125 0.01640625 0.04765625
2 0.275 0.4609375 0.01796875 0.053125
2 0.27265625 0.51484375 0.0171875 0.05546875
2 0.2296875 0.42890625 0.01171875 0.0453125
2 0.22421875 0.44609375 0.0125 0.04921875
2 0.1796875 0.41015625 0.01328125 0.05078125
2 0.1703125 0.44609375 0.01328125 0.046875
2 0.1421875 0.45 0.0171875 0.05390625
2 0.13515625 0.4984375 0.01796875 0.05078125
2 0.1421875 0.56484375 0.01875 0.0640625