0 0.8609375 0.4 0.00703125 0.0125
1 0.8796875 0.3859375 0.02734375 0.04140625
3 0.21328125 0.5015625 0.01484375 0.059375
3 0.18125 0.7984375 0.01953125 0.0796875
3 0.12265625 0.275 0.01171875 0.0375
3 0.65 0.72734375 0.01875 0.06328125
2 0.14296875 0.36953125 0.0140625 0.0515625
2 0.159375 0.36796875 0.01328125 0.04921875
2 0.17578125 0.42265625 0.0140625 0.05703125
2 0.13125 0.43125 0.0140625 0.05390625
2 0.128125 0.4796875 0.01015625 0.0578125
2 0.071875 0.51875 0.0109375 0.0609375
2 0.08125 0.540625 0.01953125 0.0609375
2 0.07578125 0.61015625 0.01796875 0.0609375
2 0.1046875 0.63671875 0.01640625 0.065625
2 0.22109375 0.57265625 0.0171875 0.0640625
2 0.28046875 0.32734375 0.01171875 0.04453125
2 0.2796875 0.365625 0.01171875 0.04453125
2 0.34609375 0.3140625 0.0125 0.040625
2 0.2828125 0.50234375 0.01640625 0.0609375
2 0.4671875 0.35625 0.01796875 0.053125
2 0.41015625 0.40625 0.0140625 0.0578125
2 0.41796875 0.434375 0.01875 0.0578125
2 0.36328125 0.5796875 0.0140625 0.07109375
2 0.515625 0.48671875 0.01796875 0.05703125