3 0.8140625 0.39296875 0.01328125 0.04140625
3 0.03359375 0.39375 0.0171875 0.05546875
0 0.478125 0.5984375 0.02421875 0.0453125
1 0.40078125 0.4953125 0.1453125 0.26015625
2 0.01328125 0.3921875 0.015625 0.05390625
2 0.07265625 0.39296875 0.01171875 0.06171875
2 0.08359375 0.39296875 0.01171875 0.0640625
2 0.1046875 0.390625 0.01328125 0.05390625
2 0.13125 0.39296875 0.01796875 0.0640625
2 0.1609375 0.38828125 0.01171875 0.05703125
2 0.1875 0.39296875 0.0203125 0.0875
2 0.240625 0.39296875 0.0140625 0.06328125
2 0.24765625 0.3859375 0.0140625 0.05390625
2 0.3265625 0.39140625 0.01484375 0.065625
2 0.34375 0.39453125 0.01171875 0.06171875
2 0.475 0.39296875 0.01953125 0.06328125
2 0.51328125 0.3921875 0.0171875 0.0515625
3 0.42734375 0.3859375 0.00859375 0.03671875
1 0.309375 0.38359375 0.0125 0.05078125