3 0.69375 0.50234375 0.02734375 0.10625
2 0.7890625 0.65078125 0.0375 0.13515625
2 0.23984375 0.81875 0.0359375 0.153125
2 0.0203125 0.4234375 0.02734375 0.1125
2 0.13359375 0.38984375 0.03125 0.096875
2 0.2015625 0.2875 0.01953125 0.0671875
2 0.23828125 0.509375 0.03203125 0.11484375
2 0.38046875 0.39609375 0.0375 0.10703125
2 0.503125 0.58515625 0.03125 0.12734375
2 0.46484375 0.765625 0.0328125 0.14296875
2 0.59375 0.3828125 0.02890625 0.090625
2 0.59375 0.47734375 0.0328125 0.09609375
2 0.96484375 0.33359375 0.02890625 0.08828125
2 0.9921875 0.77421875 0.01484375 0.1265625