3 0.315625 0.59453125 0.01796875 0.06328125
3 0.16171875 0.45859375 0.009375 0.0453125
0 0.86015625 0.51484375 0.0109375 0.0140625
2 0.75625 0.60390625 0.0265625 0.06328125
2 0.6171875 0.46640625 0.01875 0.0390625
2 0.48828125 0.475 0.01328125 0.046875
2 0.41875 0.46328125 0.0140625 0.0375
2 0.2546875 0.47265625 0.01171875 0.0390625
2 0.30859375 0.48203125 0.0125 0.04296875
2 0.16953125 0.4953125 0.0125 0.04765625
2 0.15 0.53203125 0.0140625 0.05703125
2 0.1390625 0.5640625 0.0140625 0.05546875
2 0.128125 0.59140625 0.01328125 0.06171875
2 0.10625 0.73828125 0.02578125 0.08359375
2 0.1953125 0.73515625 0.0203125 0.0875
2 0.209375 0.5234375 0.01484375 0.0515625
2 0.23203125 0.5375 0.0140625 0.05546875
2 0.2296875 0.58671875 0.01328125 0.059375
2 0.25 0.57734375 0.0171875 0.0671875
2 0.38046875 0.528125 0.015625 0.04921875
2 0.5296875 0.54375 0.01796875 0.05390625
2 0.6421875 0.63984375 0.0203125 0.06953125
2 0.671875 0.68046875 0.0234375 0.08046875