2 0.25703125 0.65078125 0.015625 0.0515625
2 0.31484375 0.6515625 0.02578125 0.0578125
2 0.4 0.65 0.0203125 0.059375
2 0.51328125 0.65234375 0.0140625 0.046875
2 0.5421875 0.65 0.01328125 0.04765625
2 0.57890625 0.65234375 0.01328125 0.05703125
2 0.60625 0.65078125 0.01640625 0.05703125
2 0.65 0.65 0.01640625 0.06171875
2 0.6703125 0.653125 0.0125 0.05546875
2 0.7109375 0.6546875 0.01171875 0.0515625
2 0.72265625 0.6546875 0.0140625 0.059375
2 0.73828125 0.653125 0.0171875 0.0640625
1 0.5234375 0.65390625 0.0125 0.0453125
1 0.47109375 0.65625 0.07421875 0.28125
0 0.584375 0.46328125 0.01875 0.0375