0 0.78828125 0.46171875 0.0078125 0.01171875
3 0.9328125 0.48125 0.01171875 0.05546875
3 0.3171875 0.5578125 0.0140625 0.0515625
3 0.175 0.33515625 0.0140625 0.034375
2 0.17265625 0.3484375 0.01015625 0.03515625
2 0.11171875 0.496875 0.01328125 0.046875
2 0.17578125 0.484375 0.015625 0.0515625
2 0.1984375 0.3875 0.0125 0.040625
2 0.2 0.54921875 0.0109375 0.0609375
2 0.29453125 0.68125 0.021875 0.06171875
2 0.315625 0.77109375 0.01484375 0.059375
2 0.6109375 0.77734375 0.01875 0.0640625
2 0.53046875 0.5640625 0.0125 0.05390625
2 0.490625 0.54609375 0.0140625 0.05390625
2 0.40703125 0.4203125 0.0109375 0.0375
2 0.4046875 0.4421875 0.01171875 0.04296875
2 0.4140625 0.32890625 0.01171875 0.03125
2 0.45703125 0.38359375 0.01796875 0.040625
2 0.5671875 0.44609375 0.01875 0.04765625
2 0.590625 0.4171875 0.01484375 0.04921875
2 0.7125 0.3375 0.01484375 0.040625
2 0.71484375 0.41640625 0.0140625 0.034375
2 0.715625 0.58828125 0.0140625 0.05546875
2 0.9109375 0.5765625 0.01484375 0.06171875
1 0.80078125 0.4453125 0.015625 0.0390625