1 0.8875 0.3125 0.021875 0.05390625
0 0.8625 0.334375 0.00703125 0.01796875
3 0.9484375 0.76796875 0.04453125 0.14609375
2 0.01015625 0.35390625 0.01953125 0.0796875
2 0.04296875 0.55703125 0.02890625 0.12109375
2 0.19921875 0.30390625 0.02578125 0.06796875
2 0.165625 0.63984375 0.02890625 0.1265625
2 0.24375 0.353125 0.02734375 0.08203125
2 0.3015625 0.29140625 0.01796875 0.0671875
2 0.38984375 0.35703125 0.02421875 0.078125
2 0.47421875 0.43359375 0.02421875 0.084375
2 0.51640625 0.44296875 0.0359375 0.090625