2 0.61171875 0.33671875 0.0171875 0.0671875
2 0.2046875 0.57890625 0.02734375 0.0875
2 0.3453125 0.61015625 0.02109375 0.09375
2 0.5 0.74765625 0.0265625 0.10859375
2 0.571875 0.54453125 0.02109375 0.0859375
2 0.70703125 0.35234375 0.01875 0.07109375
2 0.79375 0.45546875 0.021875 0.07421875
2 0.8203125 0.440625 0.0203125 0.07578125
2 0.78828125 0.5421875 0.02109375 0.07421875
2 0.9640625 0.60390625 0.02578125 0.090625
2 0.83515625 0.77421875 0.02109375 0.10390625
1 0.30234375 0.409375 0.025 0.07578125
0 0.3578125 0.409375 0.01171875 0.01796875
3 0.71953125 0.2484375 0.015625 0.04921875