1 0.60625 0.3046875 0.01796875 0.059375
0 0.58359375 0.33515625 0.009375 0.01640625
3 0.215625 0.4125 0.01875 0.08203125
2 0.03984375 0.3328125 0.015625 0.06953125
2 0.10859375 0.28828125 0.01640625 0.06171875
2 0.46328125 0.221875 0.01796875 0.0515625
2 0.43046875 0.275 0.0171875 0.0578125
2 0.1265625 0.21875 0.015625 0.0515625
2 0.1390625 0.4125 0.01796875 0.0796875
2 0.30703125 0.3515625 0.01953125 0.07421875
2 0.21171875 0.6296875 0.0203125 0.10234375
2 0.27578125 0.82734375 0.03828125 0.10703125
2 0.87890625 0.471875 0.015625 0.084375
2 0.59609375 0.4640625 0.0203125 0.07421875
2 0.53046875 0.37421875 0.01875 0.0671875