1 0.1078125 0.45234375 0.0296875 0.05546875
3 0.571875 0.4234375 0.0203125 0.04921875
2 0.3375 0.3578125 0.02265625 0.046875
2 0.15234375 0.64296875 0.03515625 0.06953125
2 0.18359375 0.79765625 0.034375 0.0984375
2 0.3609375 0.471875 0.0203125 0.0578125
2 0.39296875 0.5484375 0.0203125 0.071875
2 0.54296875 0.390625 0.02421875 0.0390625
2 0.5359375 0.4453125 0.0203125 0.05390625
2 0.559375 0.625 0.0265625 0.0859375
2 0.7328125 0.42265625 0.01953125 0.05546875
2 0.71484375 0.4421875 0.02109375 0.0609375
2 0.7109375 0.51875 0.02421875 0.06796875
2 0.87734375 0.42265625 0.021875 0.05703125
2 0.93359375 0.45859375 0.02734375 0.06328125
2 0.91484375 0.553125 0.02109375 0.06796875
2 0.959375 0.5375 0.028125 0.07578125
2 0.9375 0.515625 0.0203125 0.059375
2 0.91640625 0.69921875 0.03203125 0.0859375
2 0.78203125 0.88671875 0.034375 0.10703125