1 0.0875 0.2625 0.02734375 0.065625
0 0.20078125 0.21953125 0.01953125 0.02265625
3 0.13984375 0.203125 0.01484375 0.053125
3 0.8609375 0.3015625 0.02578125 0.07109375
2 0.53828125 0.41875 0.03359375 0.084375
2 0.5640625 0.36875 0.021875 0.078125
2 0.68828125 0.28125 0.01953125 0.07109375
2 0.72578125 0.26328125 0.02109375 0.0640625
2 0.68359375 0.34140625 0.02890625 0.06171875
2 0.77265625 0.3328125 0.01953125 0.06953125
2 0.82421875 0.284375 0.0171875 0.0640625
2 0.78515625 0.42890625 0.0203125 0.08203125
2 0.68984375 0.50390625 0.021875 0.09375
2 0.7234375 0.51953125 0.0296875 0.08984375
2 0.98828125 0.33359375 0.0234375 0.06953125
3 0.72578125 0.16953125 0.0140625 0.040625