1 0.0859375 0.4265625 0.02421875 0.0453125
3 0.5703125 0.3109375 0.00859375 0.03515625
3 0.73203125 0.4515625 0.01640625 0.046875
2 0.459375 0.54375 0.015625 0.059375
2 0.52265625 0.4296875 0.009375 0.05390625
2 0.55078125 0.3875 0.01328125 0.0453125
2 0.6359375 0.40703125 0.0125 0.04453125
2 0.60546875 0.5046875 0.01484375 0.05546875
2 0.61953125 0.66875 0.01953125 0.08203125
2 0.725 0.56328125 0.0203125 0.065625
2 0.65859375 0.57421875 0.021875 0.0609375
2 0.7078125 0.43046875 0.015625 0.0453125
2 0.70859375 0.4671875 0.01328125 0.05546875
2 0.74375 0.48671875 0.01640625 0.04453125
2 0.828125 0.4953125 0.01171875 0.05078125
2 0.83984375 0.4875 0.01875 0.05078125
2 0.8515625 0.528125 0.01953125 0.06171875
2 0.81640625 0.56328125 0.01953125 0.065625
2 0.87109375 0.58046875 0.02109375 0.065625
2 0.91015625 0.60078125 0.01953125 0.07109375
2 0.85 0.70859375 0.0203125 0.0796875
2 0.8921875 0.690625 0.021875 0.08046875
2 0.65625 0.7453125 0.01875 0.078125