0 0.103125 0.35625 0.0078125 0.01484375
1 0.1109375 0.3375 0.02421875 0.0390625
3 0.61015625 0.821875 0.0296875 0.090625
3 0.55 0.36328125 0.01171875 0.04765625
3 0.628125 0.26875 0.0140625 0.03515625
2 0.84609375 0.41015625 0.015625 0.0609375
2 0.82734375 0.38984375 0.01640625 0.059375
2 0.63515625 0.340625 0.01328125 0.04921875
2 0.4453125 0.3765625 0.01484375 0.0609375
2 0.41328125 0.409375 0.0125 0.059375
2 0.36328125 0.4328125 0.0171875 0.06953125
2 0.5046875 0.44921875 0.0171875 0.0671875
2 0.52109375 0.47734375 0.01484375 0.065625
2 0.51171875 0.53125 0.01875 0.0671875
2 0.53125 0.5421875 0.01640625 0.07421875
2 0.66484375 0.4234375 0.01875 0.059375
2 0.6921875 0.42421875 0.01953125 0.06328125
2 0.77890625 0.4765625 0.015625 0.0671875
2 0.7015625 0.5015625 0.0140625 0.06796875
2 0.65234375 0.63359375 0.015625 0.0859375
2 0.74609375 0.60390625 0.01796875 0.078125
2 0.765625 0.5671875 0.01953125 0.071875
2 0.8203125 0.5015625 0.0140625 0.07734375
2 0.7921875 0.54921875 0.01953125 0.078125