3 0.6125 0.4625 0.028125 0.11015625
0 0.56796875 0.6734375 0.0328125 0.07734375
1 0.4875 0.62734375 0.153125 0.27265625
1 0.5828125 0.44453125 0.02109375 0.08046875
2 0.2140625 0.49921875 0.02734375 0.13515625
2 0.51015625 0.46875 0.02734375 0.10703125
2 0.55078125 0.46796875 0.034375 0.11015625
2 0.72890625 0.4890625 0.03046875 0.15546875
2 0.78515625 0.47109375 0.0265625 0.159375
2 0.803125 0.4484375 0.02265625 0.11328125
2 0.846875 0.44375 0.02421875 0.10703125
2 0.86796875 0.453125 0.028125 0.11640625
2 0.896875 0.46484375 0.03203125 0.11875