2 0.01171875 0.35546875 0.01953125 0.07421875
2 0.02734375 0.41328125 0.01953125 0.07421875
2 0.128125 0.3390625 0.0203125 0.06953125
2 0.05859375 0.31015625 0.01953125 0.0640625
2 0.2515625 0.27109375 0.01171875 0.04921875
2 0.26640625 0.265625 0.01640625 0.046875
2 0.3453125 0.39140625 0.021875 0.0734375
2 0.3859375 0.30078125 0.0140625 0.0609375
2 0.39609375 0.28515625 0.01171875 0.065625
2 0.40703125 0.32109375 0.01640625 0.07109375
3 0.828125 0.7578125 0.04296875 0.13125
1 0.890625 0.25234375 0.0234375 0.04765625
0 0.8640625 0.2671875 0.00859375 0.01640625