1 0.153125 0.359375 0.02578125 0.05390625
3 0.2375 0.3109375 0.015625 0.04140625
3 0.83828125 0.36953125 0.01953125 0.0515625
2 0.43359375 0.63359375 0.034375 0.11328125
2 0.25078125 0.471875 0.02109375 0.07109375
2 0.296875 0.496875 0.025 0.07734375
2 0.4546875 0.33359375 0.0171875 0.046875
2 0.46328125 0.390625 0.01875 0.05703125
2 0.49765625 0.38828125 0.025 0.0671875
2 0.59296875 0.33125 0.01484375 0.046875
2 0.65703125 0.42890625 0.02421875 0.07109375
2 0.7359375 0.3296875 0.015625 0.0375
2 0.74296875 0.36328125 0.0203125 0.05078125
2 0.70390625 0.4875 0.02578125 0.08359375
2 0.771875 0.40234375 0.01875 0.059375
2 0.7875 0.4078125 0.015625 0.06796875
2 0.88125 0.375 0.01953125 0.05546875
2 0.88359375 0.4328125 0.0265625 0.06171875
2 0.8828125 0.50546875 0.0234375 0.0796875
2 0.88828125 0.38515625 0.0203125 0.05546875