3 0.8609375 0.640625 0.0234375 0.0921875
2 0.97734375 0.703125 0.02890625 0.10078125
0 0.109375 0.73984375 0.0125 0.0203125
2 0.09296875 0.70625 0.0265625 0.0796875
2 0.65859375 0.66640625 0.028125 0.08828125
2 0.6734375 0.5296875 0.0328125 0.06171875
2 0.71796875 0.50546875 0.02578125 0.06953125
2 0.78828125 0.50625 0.01953125 0.065625
2 0.81796875 0.48515625 0.015625 0.0515625
2 0.82578125 0.53046875 0.01953125 0.06796875
2 0.84609375 0.52109375 0.0109375 0.059375
2 0.859375 0.51171875 0.0203125 0.04765625
2 0.70859375 0.7625 0.03515625 0.10625
3 0.98046875 0.3484375 0.0171875 0.053125
1 0.68984375 0.490625 0.02421875 0.071875