0 0.74609375 0.54296875 0.01796875 0.03046875
2 0.90546875 0.65234375 0.0421875 0.07421875
3 0.9015625 0.70234375 0.03359375 0.1125
2 0.61171875 0.57421875 0.0265625 0.10078125
2 0.4921875 0.70078125 0.02890625 0.11875
2 0.17265625 0.7140625 0.03359375 0.11015625
2 0.37421875 0.578125 0.03203125 0.10078125
2 0.32109375 0.528125 0.02578125 0.1046875
3 0.5515625 0.46015625 0.02109375 0.0875
2 0.08359375 0.415625 0.0328125 0.090625
2 0.1125 0.3734375 0.02578125 0.08046875
2 0.13515625 0.3703125 0.0265625 0.0796875
2 0.21796875 0.375 0.028125 0.090625
2 0.2359375 0.378125 0.02265625 0.08984375
2 0.26015625 0.37578125 0.0265625 0.09453125
2 0.28125 0.38671875 0.0265625 0.0875
2 0.321875 0.41640625 0.02734375 0.08359375
1 0.325 0.3546875 0.02734375 0.05078125
2 0.36171875 0.40546875 0.01875 0.07578125
2 0.37890625 0.4046875 0.021875 0.08203125
2 0.37265625 0.453125 0.021875 0.0859375