0 0.4015625 0.28125 0.01328125 0.0203125
2 0.44375 0.2453125 0.028125 0.08828125
2 0.17265625 0.3859375 0.01796875 0.1046875
2 0.38515625 0.28828125 0.02265625 0.09453125
2 0.07578125 0.47421875 0.02734375 0.125
2 0.12265625 0.6125 0.034375 0.13359375
2 0.41171875 0.50859375 0.03203125 0.12109375
2 0.49921875 0.4953125 0.02109375 0.12734375
2 0.56640625 0.39375 0.02734375 0.10390625
2 0.53515625 0.4890625 0.0234375 0.13515625
2 0.584375 0.5015625 0.01484375 0.10078125
2 0.56953125 0.446875 0.04453125 0.03515625
2 0.6015625 0.5078125 0.02734375 0.11875
2 0.63984375 0.4171875 0.0234375 0.04375
2 0.63984375 0.496875 0.0296875 0.1265625
2 0.7 0.428125 0.0265625 0.1125
2 0.75546875 0.51015625 0.03671875 0.13125
2 0.71171875 0.52421875 0.0390625 0.1375
1 0.8015625 0.45546875 0.0234375 0.1328125
3 0.1890625 0.4015625 0.025 0.1234375