2 0.21171875 0.3765625 0.0328125 0.06171875
2 0.0421875 0.52890625 0.02265625 0.11640625
2 0.12734375 0.65859375 0.03671875 0.1375
2 0.31015625 0.60859375 0.04140625 0.11875
2 0.39296875 0.71796875 0.0453125 0.13984375
2 0.57109375 0.50390625 0.0265625 0.10859375
2 0.53125 0.57578125 0.0359375 0.11328125
2 0.55 0.61953125 0.02421875 0.1296875
2 0.60703125 0.58125 0.02734375 0.1203125
2 0.64453125 0.52734375 0.02890625 0.10703125
2 0.65703125 0.5171875 0.0203125 0.10703125
2 0.6953125 0.60859375 0.03515625 0.1109375
2 0.6921875 0.51640625 0.02109375 0.08046875
2 0.71640625 0.52265625 0.03203125 0.10859375
1 0.73828125 0.5296875 0.02890625 0.1203125
3 0.22890625 0.51953125 0.0234375 0.10703125
0 0.24375 0.33046875 0.015625 0.025