2 0.11953125 0.72421875 0.0375 0.10234375
0 0.28515625 0.571875 0.01328125 0.025
3 0.80703125 0.6828125 0.02734375 0.10234375
3 0.85390625 0.325 0.0234375 0.071875
1 0.734375 0.4109375 0.0296875 0.07421875
2 0.66328125 0.44296875 0.025 0.078125
2 0.72890625 0.48515625 0.02734375 0.08046875
2 0.76484375 0.4625 0.02421875 0.06953125
2 0.84375 0.44296875 0.02578125 0.0859375
2 0.8140625 0.53359375 0.02421875 0.07734375
2 0.87890625 0.465625 0.0265625 0.07578125
2 0.940625 0.4296875 0.0234375 0.0796875
2 0.925 0.51484375 0.03515625 0.08828125
2 0.984375 0.45703125 0.0234375 0.09375
2 0.9578125 0.48671875 0.02421875 0.0640625