0 0.7859375 0.3671875 0.01171875 0.01796875
2 0.7703125 0.3328125 0.0203125 0.06171875
2 0.85703125 0.5390625 0.02578125 0.1234375
2 0.7625 0.63984375 0.0328125 0.13984375
2 0.671875 0.50390625 0.025 0.11875
2 0.44140625 0.43359375 0.0234375 0.096875
2 0.21953125 0.51953125 0.0359375 0.11484375
1 0.25625 0.4703125 0.01953125 0.1171875
2 0.2671875 0.49296875 0.0171875 0.09453125
2 0.290625 0.5125 0.02890625 0.1234375
2 0.35234375 0.49453125 0.01171875 0.10703125
2 0.32890625 0.4640625 0.01796875 0.11015625
2 0.3671875 0.490625 0.021875 0.10234375
2 0.390625 0.46953125 0.03203125 0.09375
2 0.409375 0.4703125 0.01875 0.084375
2 0.425 0.54296875 0.02890625 0.10859375
2 0.453125 0.5828125 0.03359375 0.12734375
3 0.41484375 0.40703125 0.02578125 0.0640625
3 0.26171875 0.59375 0.03203125 0.1375
3 0.81796875 0.3296875 0.021875 0.07578125