0 0.80390625 0.66328125 0.01953125 0.034375
3 0.95390625 0.7515625 0.02734375 0.09375
3 0.57578125 0.48828125 0.02109375 0.090625
2 0.89140625 0.73515625 0.02265625 0.07734375
2 0.61875 0.6125 0.025 0.090625
2 0.46484375 0.65625 0.01953125 0.096875
2 0.478125 0.8125 0.02890625 0.096875
2 0.1390625 0.72890625 0.0359375 0.0921875
2 0.040625 0.4953125 0.03359375 0.090625
2 0.009375 0.43359375 0.01875 0.07734375
2 0.16796875 0.39296875 0.01953125 0.084375
2 0.1828125 0.571875 0.02734375 0.090625
2 0.1890625 0.39296875 0.03984375 0.07421875
2 0.2203125 0.371875 0.02734375 0.0796875
2 0.23046875 0.42421875 0.02734375 0.06796875
2 0.25 0.40625 0.02890625 0.07578125
2 0.2984375 0.38984375 0.025 0.0796875
2 0.33359375 0.42578125 0.0265625 0.0796875
2 0.3484375 0.41953125 0.01953125 0.084375
2 0.3765625 0.45234375 0.0234375 0.08203125
2 0.4 0.46171875 0.025 0.07421875
1 0.33984375 0.35625 0.021875 0.06328125