0 0.76640625 0.265625 0.015625 0.01875
2 0.7859375 0.23828125 0.025 0.06796875
3 0.48046875 0.378125 0.02734375 0.1
3 0.578125 0.73359375 0.04375 0.14140625
2 0.9484375 0.3890625 0.0328125 0.11640625
2 0.39609375 0.4984375 0.0484375 0.10078125
2 0.39453125 0.57578125 0.04453125 0.12109375
2 0.4578125 0.4546875 0.02734375 0.10390625
2 0.478125 0.4421875 0.015625 0.06171875
2 0.49609375 0.46875 0.02109375 0.11328125
2 0.48046875 0.5171875 0.0203125 0.1125
2 0.46328125 0.553125 0.0265625 0.13359375
2 0.55625 0.41875 0.02421875 0.1
2 0.565625 0.465625 0.0234375 0.0921875
2 0.56875 0.53984375 0.03515625 0.084375
2 0.553125 0.60078125 0.0296875 0.1234375
2 0.60703125 0.53203125 0.02109375 0.1
2 0.6328125 0.546875 0.02109375 0.08046875
2 0.64765625 0.64296875 0.03359375 0.12890625
2 0.61328125 0.634375 0.034375 0.1046875
2 0.58046875 0.61953125 0.03828125 0.125
1 0.34765625 0.50703125 0.02265625 0.13984375