2 0.871875 0.61015625 0.028125 0.08203125
2 0.571875 0.72421875 0.028125 0.10234375
2 0.53125 0.75546875 0.040625 0.084375
2 0.55390625 0.47109375 0.02734375 0.07578125
2 0.4328125 0.4125 0.01640625 0.0640625
2 0.41796875 0.42890625 0.02265625 0.0609375
2 0.40234375 0.41953125 0.01875 0.06796875
2 0.3671875 0.3953125 0.02734375 0.08046875
2 0.3234375 0.39140625 0.01875 0.078125
2 0.3046875 0.415625 0.01484375 0.0609375
2 0.30546875 0.4765625 0.02109375 0.071875
2 0.290625 0.51484375 0.0140625 0.06953125
2 0.27734375 0.40234375 0.025 0.07734375
2 0.2484375 0.41640625 0.01953125 0.07109375
2 0.16953125 0.4140625 0.01875 0.08359375
2 0.15234375 0.49921875 0.01875 0.08984375
1 0.44140625 0.39609375 0.0234375 0.065625
3 0.578125 0.42890625 0.01953125 0.07421875
3 0.06796875 0.36328125 0.01953125 0.07578125