1 0.340625 0.56875 0.028125 0.1296875
2 0.33203125 0.665625 0.02734375 0.1390625
2 0.43046875 0.72421875 0.0578125 0.1125
2 0.4734375 0.62421875 0.02109375 0.1296875
2 0.44140625 0.659375 0.03671875 0.0515625
2 0.50546875 0.72890625 0.03828125 0.14140625
2 0.578125 0.6 0.03046875 0.11640625
2 0.57734375 0.67265625 0.03671875 0.125
2 0.6078125 0.63984375 0.0296875 0.1265625
2 0.66796875 0.62421875 0.02734375 0.1125
2 0.675 0.7234375 0.05390625 0.1109375
2 0.81796875 0.28828125 0.03046875 0.07734375
3 0.61953125 0.8078125 0.0265625 0.1453125
2 0.49765625 0.58046875 0.02578125 0.1203125
0 0.74453125 0.2453125 0.01171875 0.028125