1 0.3359375 0.38359375 0.021875 0.06796875
3 0.85390625 0.69765625 0.03046875 0.125
3 0.53515625 0.4421875 0.02421875 0.0875
2 0.88515625 0.66953125 0.03359375 0.09609375
2 0.59765625 0.69921875 0.03515625 0.1125
2 0.66171875 0.58046875 0.02421875 0.096875
2 0.41953125 0.596875 0.02734375 0.10859375
2 0.1546875 0.49296875 0.0265625 0.09453125
2 0.18828125 0.38046875 0.02421875 0.0875
2 0.2078125 0.4125 0.02578125 0.0875
2 0.209375 0.35703125 0.02265625 0.05546875
2 0.23359375 0.3859375 0.02109375 0.08984375
2 0.26171875 0.41171875 0.01640625 0.07109375
2 0.275 0.403125 0.01875 0.090625
2 0.30703125 0.415625 0.02109375 0.08828125
2 0.328125 0.44140625 0.021875 0.09453125
2 0.35078125 0.43671875 0.0234375 0.090625
2 0.41015625 0.45546875 0.02578125 0.090625
2 0.44921875 0.45703125 0.0234375 0.06796875