3 0.3421875 0.5140625 0.021875 0.0984375
1 0.80546875 0.5078125 0.03125 0.10859375
2 0.3328125 0.66796875 0.04921875 0.12109375
2 0.09296875 0.3734375 0.01875 0.08828125
2 0.3515625 0.3515625 0.01484375 0.07734375
2 0.3078125 0.43984375 0.02578125 0.0796875
2 0.42109375 0.5046875 0.02734375 0.08984375
2 0.45 0.54140625 0.0203125 0.08828125
2 0.56484375 0.49921875 0.021875 0.096875
2 0.5859375 0.5046875 0.01953125 0.0984375
2 0.634375 0.4984375 0.02109375 0.1109375
2 0.653125 0.51171875 0.025 0.090625
2 0.70625 0.5234375 0.025 0.084375
2 0.671875 0.4609375 0.025 0.090625