1 0.21875 0.54609375 0.021875 0.12265625
3 0.32109375 0.7921875 0.03515625 0.14296875
2 0.7109375 0.2921875 0.0234375 0.06953125
0 0.69375 0.32421875 0.0078125 0.01484375
2 0.35078125 0.60390625 0.03828125 0.1171875
2 0.928125 0.60625 0.02734375 0.12890625
2 0.85859375 0.57421875 0.021875 0.12734375
2 0.60546875 0.52734375 0.03125 0.11015625
2 0.63125 0.8171875 0.028125 0.15
2 0.5875 0.7359375 0.0328125 0.13671875
2 0.5390625 0.5671875 0.03046875 0.1203125
2 0.48671875 0.51015625 0.0234375 0.10078125
2 0.521875 0.61640625 0.0390625 0.1109375
2 0.45859375 0.53125 0.02421875 0.1
2 0.4203125 0.48828125 0.02109375 0.07421875
2 0.40625 0.5328125 0.025 0.11640625
2 0.44921875 0.59140625 0.03671875 0.1203125
2 0.42578125 0.5671875 0.02734375 0.11015625
2 0.46015625 0.6921875 0.046875 0.13125
2 0.41796875 0.659375 0.04765625 0.12265625
2 0.3890625 0.61171875 0.040625 0.10234375