2 0.11484375 0.61953125 0.03125 0.11015625
2 0.29765625 0.44765625 0.01796875 0.05390625
2 0.1703125 0.7265625 0.04296875 0.13515625
2 0.3359375 0.53046875 0.03203125 0.09609375
2 0.4453125 0.6078125 0.04609375 0.1046875
2 0.47421875 0.4875 0.01953125 0.078125
2 0.5234375 0.61640625 0.03359375 0.1046875
2 0.5546875 0.61796875 0.04296875 0.11015625
2 0.59375 0.56484375 0.02578125 0.10234375
2 0.5703125 0.5609375 0.01953125 0.0859375
2 0.61328125 0.69140625 0.0328125 0.1171875
2 0.6390625 0.6375 0.040625 0.10859375
2 0.6671875 0.65703125 0.03203125 0.1203125
2 0.7265625 0.678125 0.0421875 0.12890625
1 0.73671875 0.58359375 0.03203125 0.10234375
3 0.1875 0.5625 0.01953125 0.11015625
0 0.2234375 0.490625 0.01328125 0.0265625