1 0.25546875 0.48828125 0.01953125 0.06328125
2 0.8578125 0.6265625 0.01953125 0.07578125
2 0.07890625 0.51484375 0.02265625 0.07421875
2 0.09453125 0.50625 0.0140625 0.078125
2 0.1125 0.509375 0.01953125 0.071875
2 0.13125 0.52421875 0.02734375 0.0734375
2 0.1625 0.51484375 0.021875 0.065625
2 0.215625 0.5203125 0.01953125 0.06796875
2 0.2328125 0.50859375 0.01875 0.06953125
2 0.290625 0.51171875 0.01953125 0.06171875
2 0.30859375 0.5328125 0.01875 0.06796875
2 0.0828125 0.5921875 0.015625 0.08828125
2 0.13515625 0.47578125 0.015625 0.025
3 0.38359375 0.51171875 0.02109375 0.065625
3 0.94375 0.6359375 0.01875 0.0875