3 0.36953125 0.60390625 0.02890625 0.1203125
3 0.7359375 0.33984375 0.01796875 0.04296875
1 0.27734375 0.51171875 0.02109375 0.0984375
2 0.3890625 0.5375 0.028125 0.11015625
2 0.4390625 0.4828125 0.021875 0.096875
2 0.4546875 0.55546875 0.0265625 0.09609375
2 0.48359375 0.50859375 0.0234375 0.09609375
2 0.4609375 0.5 0.0265625 0.0609375
2 0.51171875 0.5640625 0.04296875 0.11015625
2 0.5265625 0.51875 0.0234375 0.09375
2 0.553125 0.54375 0.0265625 0.10703125
2 0.58671875 0.54140625 0.0265625 0.10390625
2 0.56953125 0.553125 0.02265625 0.07578125
2 0.6234375 0.55078125 0.0234375 0.09609375
2 0.61328125 0.48515625 0.02421875 0.05546875
2 0.60546875 0.53984375 0.02265625 0.0875
2 0.65078125 0.6453125 0.0328125 0.12109375
2 0.80546875 0.534375 0.0296875 0.1125
2 0.71640625 0.35546875 0.02109375 0.0671875