3 0.73046875 0.29296875 0.028125 0.07109375
3 0.5984375 0.728125 0.0265625 0.1296875
1 0.27578125 0.534375 0.03515625 0.11484375
0 0.70625 0.32734375 0.01171875 0.01640625
2 0.37890625 0.5296875 0.0328125 0.11484375
2 0.3234375 0.56875 0.015625 0.071875
2 0.33125 0.63125 0.025 0.1234375
2 0.371875 0.690625 0.040625 0.1265625
2 0.38671875 0.615625 0.0296875 0.10234375
2 0.4125 0.6203125 0.0375 0.11484375
2 0.4390625 0.6171875 0.02421875 0.10859375
2 0.46015625 0.62265625 0.02734375 0.11328125
2 0.47890625 0.63359375 0.0390625 0.12265625
2 0.51875 0.63125 0.02734375 0.11875
2 0.56640625 0.6796875 0.0359375 0.125
2 0.7375 0.58984375 0.028125 0.11640625
2 0.8859375 0.4953125 0.0234375 0.10859375
2 0.8890625 0.65625 0.03515625 0.12109375
2 0.45625 0.50625 0.02734375 0.10859375