1 0.7171875 0.51015625 0.03671875 0.10859375
3 0.1328125 0.503125 0.02109375 0.11015625
2 0.17890625 0.37890625 0.02734375 0.06328125
2 0.2171875 0.41171875 0.028125 0.08828125
2 0.21640625 0.6734375 0.0390625 0.1328125
2 0.33203125 0.58046875 0.03671875 0.1234375
2 0.45 0.49375 0.02578125 0.09609375
2 0.47734375 0.5703125 0.03515625 0.11484375
2 0.50703125 0.6 0.03515625 0.12734375
2 0.49609375 0.490625 0.02734375 0.06953125
2 0.53515625 0.5140625 0.0234375 0.10859375
2 0.546875 0.50078125 0.01796875 0.1
2 0.57734375 0.57109375 0.0296875 0.1265625
2 0.58515625 0.51015625 0.0203125 0.07578125
2 0.6078125 0.5203125 0.02734375 0.08828125
2 0.62578125 0.521875 0.03359375 0.1203125