1 0.81484375 0.559375 0.04453125 0.1515625
3 0.146875 0.58203125 0.03359375 0.1515625
2 0.22421875 0.28515625 0.02890625 0.078125
0 0.26875 0.3015625 0.0171875 0.025
2 0.02421875 0.778125 0.04140625 0.1828125
2 0.2890625 0.6078125 0.03203125 0.15
2 0.95234375 0.5875 0.03828125 0.1515625
2 0.7609375 0.6890625 0.03984375 0.14609375
2 0.7828125 0.71171875 0.0375 0.1625
2 0.7734375 0.59375 0.0328125 0.1
2 0.74375 0.60234375 0.0328125 0.14921875
2 0.6875 0.51171875 0.03828125 0.13671875
2 0.6671875 0.67265625 0.0390625 0.16171875
2 0.64765625 0.58359375 0.03203125 0.13984375
2 0.60703125 0.61640625 0.0375 0.13359375
2 0.5546875 0.60703125 0.02421875 0.15
2 0.51171875 0.54453125 0.02890625 0.1296875
2 0.53671875 0.575 0.02578125 0.15
2 0.58203125 0.5453125 0.02421875 0.13671875