0 0.75078125 0.33515625 0.0109375 0.01640625
2 0.7734375 0.31015625 0.03671875 0.0671875
3 0.75703125 0.29375 0.01875 0.0671875
3 0.24921875 0.64375 0.0421875 0.13671875
2 0.92109375 0.47890625 0.0265625 0.12109375
2 0.73828125 0.446875 0.02421875 0.10625
2 0.6546875 0.5515625 0.0203125 0.1234375
2 0.57890625 0.596875 0.03203125 0.13125
2 0.53828125 0.4875 0.0328125 0.1109375
2 0.515625 0.4859375 0.03046875 0.10625
2 0.48828125 0.49296875 0.02734375 0.1046875
2 0.453125 0.434375 0.02421875 0.09609375
2 0.4171875 0.4296875 0.01953125 0.06171875
2 0.4296875 0.4953125 0.0234375 0.11015625
2 0.42109375 0.5328125 0.03515625 0.12109375
2 0.35703125 0.47890625 0.03359375 0.10078125
2 0.32421875 0.47421875 0.02421875 0.11015625
2 0.2546875 0.51171875 0.0234375 0.11484375
1 0.26796875 0.44375 0.0203125 0.11015625