2 0.35234375 0.32109375 0.01875 0.09375
2 0.371875 0.30625 0.0203125 0.05703125
2 0.39921875 0.325 0.03515625 0.11015625
2 0.35234375 0.3671875 0.040625 0.11328125
2 0.39921875 0.43359375 0.02734375 0.1125
2 0.421875 0.434375 0.01484375 0.12890625
2 0.46875 0.19609375 0.025 0.10234375
2 0.58046875 0.26953125 0.04140625 0.1
2 0.43984375 0.4421875 0.02109375 0.12265625
2 0.46484375 0.43125 0.02265625 0.1171875
2 0.4859375 0.440625 0.03125 0.1109375
2 0.52421875 0.48203125 0.05078125 0.12109375
2 0.834375 0.4765625 0.03125 0.12734375
2 0.5171875 0.39765625 0.02421875 0.06796875
2 0.5390625 0.440625 0.03203125 0.10859375
2 0.57734375 0.46171875 0.04296875 0.11484375
2 0.5765625 0.4 0.03671875 0.059375
2 0.9734375 0.2265625 0.03125 0.08984375
2 0.58515625 0.14765625 0.02734375 0.078125
3 0.60234375 0.1234375 0.02578125 0.08828125
3 0.25625 0.28515625 0.02265625 0.11328125
3 0.37421875 0.490625 0.03359375 0.14296875
1 0.21953125 0.35390625 0.02421875 0.1234375
0 0.55546875 0.18359375 0.0109375 0.01875