3 0.9578125 0.6171875 0.05078125 0.13359375
3 0.6609375 0.2265625 0.02578125 0.07421875
1 0.2265625 0.4984375 0.0265625 0.1171875
2 0.18046875 0.53359375 0.03203125 0.1203125
2 0.3703125 0.509375 0.02109375 0.10703125
2 0.375 0.571875 0.02265625 0.1109375
2 0.4796875 0.42109375 0.02890625 0.11015625
2 0.5390625 0.3984375 0.0265625 0.1
2 0.58984375 0.34609375 0.034375 0.10078125
2 0.6390625 0.24140625 0.025 0.0671875
0 0.67421875 0.28046875 0.01328125 0.025
2 0.815625 0.278125 0.03046875 0.08828125
2 0.8890625 0.41953125 0.02734375 0.10078125
2 0.6296875 0.4703125 0.03046875 0.11015625
2 0.5828125 0.5 0.02578125 0.11328125
2 0.61328125 0.60390625 0.04375 0.1234375
2 0.4875 0.7203125 0.03359375 0.125