2 0.08359375 0.66953125 0.03515625 0.10859375
2 0.3671875 0.75390625 0.03203125 0.11875
2 0.33125 0.59453125 0.02890625 0.10390625
2 0.484375 0.59296875 0.01953125 0.10703125
2 0.66015625 0.70859375 0.0296875 0.12109375
2 0.709375 0.559375 0.02890625 0.0984375
2 0.58203125 0.45234375 0.025 0.071875
2 0.62109375 0.4375 0.021875 0.0875
2 0.60234375 0.4421875 0.01640625 0.078125
2 0.66875 0.42265625 0.01953125 0.09375
2 0.6984375 0.4125 0.0171875 0.09375
2 0.70859375 0.40234375 0.01328125 0.09453125
2 0.7265625 0.421875 0.01953125 0.0734375
2 0.79296875 0.36328125 0.02109375 0.0859375
2 0.77109375 0.375 0.01640625 0.08828125
2 0.759375 0.34296875 0.01796875 0.0265625
2 0.75234375 0.39140625 0.01640625 0.09375
2 0.73515625 0.3703125 0.0203125 0.0640625
3 0.83984375 0.540625 0.0328125 0.10859375
3 0.74140625 0.30625 0.021875 0.06953125
1 0.65859375 0.38359375 0.0296875 0.0796875