2 0.8984375 0.57578125 0.03515625 0.065625
2 0.31953125 0.46640625 0.02109375 0.07734375
2 0.0390625 0.453125 0.025 0.07578125
2 0.06328125 0.4546875 0.01953125 0.07109375
2 0.09296875 0.51171875 0.015625 0.0796875
2 0.11640625 0.55234375 0.01953125 0.09453125
2 0.14609375 0.53984375 0.02265625 0.07734375
2 0.14140625 0.46796875 0.01953125 0.06171875
2 0.159375 0.46171875 0.01640625 0.071875
2 0.190625 0.475 0.02265625 0.06796875
2 0.1828125 0.45 0.0140625 0.071875
2 0.23203125 0.44375 0.0140625 0.06953125
2 0.25078125 0.43671875 0.01171875 0.065625
2 0.265625 0.45625 0.01796875 0.07734375
1 0.290625 0.43203125 0.02109375 0.07109375