0 0.49140625 0.328125 0.02890625 0.053125
2 0.8578125 0.421875 0.02734375 0.07578125
2 0.75234375 0.4171875 0.01484375 0.05703125
2 0.6765625 0.43125 0.01953125 0.10234375
2 0.625 0.41875 0.01953125 0.06953125
2 0.559375 0.4171875 0.01953125 0.0515625
2 0.4921875 0.41796875 0.015625 0.053125
2 0.3265625 0.42265625 0.01484375 0.0671875
2 0.390625 0.4203125 0.01796875 0.0734375
2 0.43984375 0.54140625 0.1203125 0.4734375
1 0.31015625 0.41484375 0.02109375 0.0796875
3 0.73828125 0.43125 0.01953125 0.0921875