0 0.2703125 0.2609375 0.01484375 0.02421875
2 0.21875 0.25546875 0.02734375 0.07734375
2 0.21796875 0.38671875 0.02109375 0.096875
2 0.259375 0.54375 0.028125 0.11484375
2 0.3234375 0.52109375 0.03828125 0.11015625
2 0.12109375 0.76328125 0.02734375 0.1453125
2 0.2671875 0.73046875 0.0328125 0.14296875
2 0.45 0.67734375 0.04296875 0.11015625
2 0.5140625 0.68125 0.034375 0.12734375
2 0.5640625 0.6515625 0.03359375 0.13125
2 0.5171875 0.58671875 0.03359375 0.07734375
2 0.53359375 0.53515625 0.01953125 0.07578125
2 0.55234375 0.6015625 0.0234375 0.1046875
2 0.61953125 0.5078125 0.03828125 0.10859375
2 0.671875 0.634375 0.0421875 0.12265625
2 0.6796875 0.52421875 0.01953125 0.090625
2 0.81015625 0.5328125 0.02578125 0.11328125
1 0.715625 0.525 0.03515625 0.11875
3 0.20703125 0.471875 0.0265625 0.11015625