0 0.79609375 0.72890625 0.021875 0.03515625
2 0.82421875 0.80078125 0.04375 0.10703125
2 0.1234375 0.4703125 0.01640625 0.0671875
2 0.15078125 0.46796875 0.01953125 0.07421875
2 0.18984375 0.4109375 0.0265625 0.05390625
2 0.21328125 0.38671875 0.01875 0.04765625
2 0.25234375 0.41953125 0.02578125 0.0578125
2 0.28359375 0.4 0.01953125 0.0609375
2 0.34765625 0.428125 0.01640625 0.06328125
2 0.2890625 0.3625 0.01875 0.065625
2 0.31640625 0.3671875 0.0125 0.06796875
2 0.34375 0.35390625 0.01796875 0.034375
2 0.34765625 0.38671875 0.02109375 0.05390625
2 0.3625 0.35 0.01953125 0.05390625
2 0.3828125 0.42109375 0.0203125 0.0640625
2 0.41640625 0.43671875 0.025 0.040625
2 0.4015625 0.375 0.0140625 0.0609375
2 0.415625 0.39609375 0.02734375 0.04765625
1 0.41875 0.36015625 0.01640625 0.046875
3 0.15546875 0.35390625 0.0171875 0.05390625
3 0.91796875 0.84375 0.03125 0.11875