0 0.34375 0.3078125 0.0109375 0.02421875
2 0.3609375 0.29375 0.02890625 0.0671875
3 0.07109375 0.5046875 0.025 0.11484375
1 0.76796875 0.571875 0.01875 0.1265625
2 0.5203125 0.61484375 0.04140625 0.090625
2 0.54375 0.615625 0.02421875 0.08984375
2 0.5578125 0.6328125 0.02734375 0.1109375
2 0.58046875 0.63671875 0.03125 0.1234375
2 0.609375 0.66875 0.034375 0.1171875
2 0.603125 0.52421875 0.025 0.10078125
2 0.634375 0.5390625 0.03125 0.10390625
2 0.65859375 0.528125 0.0234375 0.10859375
2 0.6640625 0.60703125 0.0265625 0.10234375
2 0.6953125 0.57734375 0.0359375 0.125