0 0.1203125 0.77734375 0.0140625 0.01875
2 0.0734375 0.73984375 0.04375 0.08828125
2 0.3875 0.8234375 0.02421875 0.1109375
2 0.61015625 0.69609375 0.02890625 0.10078125
2 0.63203125 0.5375 0.03046875 0.07109375
2 0.784375 0.47421875 0.01875 0.084375
3 0.81875 0.56640625 0.02109375 0.0921875
2 0.8109375 0.471875 0.01171875 0.05546875
2 0.82109375 0.49921875 0.015625 0.06171875
2 0.83828125 0.496875 0.01875 0.08203125
2 0.89296875 0.48515625 0.02890625 0.08359375
2 0.89609375 0.5390625 0.02265625 0.090625
2 0.93671875 0.48515625 0.02109375 0.08203125
2 0.9796875 0.509375 0.015625 0.0875
2 0.9921875 0.453125 0.01484375 0.0734375
1 0.6984375 0.44140625 0.01875 0.08203125