2 0.10703125 0.31015625 0.021875 0.084375
2 0.2578125 0.38671875 0.0265625 0.0921875
2 0.42109375 0.3546875 0.02109375 0.0859375
2 0.384375 0.2625 0.0203125 0.06796875
2 0.20625 0.77265625 0.02734375 0.13125
2 0.3125 0.72421875 0.025 0.125
2 0.434375 0.69921875 0.046875 0.10703125
2 0.46484375 0.725 0.03671875 0.10078125
2 0.5171875 0.7109375 0.0390625 0.12890625
2 0.49375 0.6875 0.028125 0.12265625
2 0.5640625 0.54296875 0.02265625 0.10859375
2 0.60078125 0.5625 0.03828125 0.10234375
2 0.6140625 0.5234375 0.0328125 0.09453125
2 0.6484375 0.540625 0.02734375 0.09375
2 0.6390625 0.64140625 0.03125 0.10859375
2 0.721875 0.596875 0.02421875 0.10703125
2 0.73828125 0.6 0.02578125 0.11875
1 0.76640625 0.5734375 0.03515625 0.10625
3 0.21015625 0.48828125 0.01953125 0.11015625
0 0.36953125 0.25859375 0.01171875 0.025