2 0.12109375 0.57421875 0.0375 0.13984375
2 0.22265625 0.45234375 0.02578125 0.11875
2 0.4265625 0.5265625 0.03515625 0.13359375
2 0.44921875 0.7828125 0.04140625 0.16171875
2 0.509375 0.53359375 0.03515625 0.1171875
2 0.54921875 0.43359375 0.0234375 0.10703125
2 0.55859375 0.54453125 0.0296875 0.11484375
2 0.60625 0.66171875 0.03203125 0.14140625
2 0.58125 0.4625 0.02734375 0.12734375
2 0.5984375 0.4609375 0.02421875 0.12109375
2 0.57109375 0.44921875 0.01953125 0.1125
2 0.6078125 0.528125 0.03046875 0.10625
2 0.625 0.56171875 0.02734375 0.12890625
2 0.64453125 0.503125 0.02421875 0.1375
2 0.671875 0.525 0.03046875 0.13671875
2 0.73828125 0.525 0.03984375 0.13671875
1 0.77109375 0.475 0.034375 0.1296875
3 0.20078125 0.4046875 0.02734375 0.12265625
3 0.98515625 0.5375 0.028125 0.12890625
2 0.203125 0.246875 0.025 0.0875