1 0.6203125 0.38203125 0.021875 0.06953125
0 0.13515625 0.6203125 0.01171875 0.01875
3 0.7390625 0.5 0.02265625 0.090625
3 0.8671875 0.2453125 0.01484375 0.0515625
2 0.69765625 0.6140625 0.0265625 0.10234375
2 0.5734375 0.54140625 0.02109375 0.08203125
2 0.60546875 0.40625 0.02265625 0.07734375
2 0.590625 0.4015625 0.01953125 0.0734375
2 0.72578125 0.3734375 0.0234375 0.071875
2 0.73203125 0.4359375 0.025 0.065625
2 0.7859375 0.41796875 0.021875 0.07578125
2 0.8015625 0.41953125 0.02109375 0.07578125
2 0.82421875 0.4109375 0.0234375 0.07734375
2 0.82109375 0.46875 0.01640625 0.0859375
2 0.915625 0.38046875 0.01875 0.07421875
2 0.8765625 0.38203125 0.0265625 0.0640625
2 0.83828125 0.359375 0.0265625 0.0671875