0 0.69140625 0.31953125 0.01171875 0.025
2 0.68671875 0.3734375 0.028125 0.078125
3 0.7765625 0.359375 0.028125 0.1
3 0.55 0.753125 0.03125 0.153125
3 0.353125 0.48359375 0.02421875 0.0609375
2 0.2328125 0.57421875 0.0265625 0.125
2 0.2640625 0.5953125 0.0328125 0.1203125
2 0.3046875 0.621875 0.034375 0.12734375
2 0.3359375 0.56640625 0.02734375 0.11015625
2 0.3515625 0.56171875 0.0265625 0.11875
2 0.37734375 0.5640625 0.0265625 0.13359375
2 0.47890625 0.65625 0.03828125 0.13125
2 0.5 0.5875 0.01953125 0.11484375
2 0.5203125 0.5796875 0.021875 0.12109375
2 0.54140625 0.64375 0.0359375 0.0984375
2 0.578125 0.6421875 0.04296875 0.1203125
2 0.590625 0.6234375 0.02421875 0.1046875
2 0.76953125 0.6484375 0.0296875 0.12734375
2 0.653125 0.446875 0.02734375 0.08828125
2 0.8921875 0.44609375 0.02421875 0.096875
2 0.946875 0.44375 0.021875 0.1
2 0.86953125 0.7421875 0.0390625 0.14921875