0 0.1328125 0.290625 0.02109375 0.0328125
1 0.8421875 0.390625 0.02734375 0.1046875
3 0.153125 0.38984375 0.0390625 0.1109375
2 0.0390625 0.4171875 0.025 0.11015625
2 0.221875 0.38828125 0.02109375 0.1
2 0.3328125 0.3140625 0.02421875 0.09453125
2 0.265625 0.4671875 0.03359375 0.11328125
2 0.3625 0.51796875 0.03046875 0.1125
2 0.47265625 0.44765625 0.03515625 0.08203125
2 0.47578125 0.378125 0.02734375 0.05390625
2 0.50234375 0.41328125 0.02734375 0.0921875
2 0.5234375 0.42109375 0.02734375 0.09453125
2 0.52890625 0.45390625 0.03515625 0.10703125
2 0.56875 0.45703125 0.03671875 0.10625
2 0.60625 0.48828125 0.0359375 0.10859375
2 0.63671875 0.49453125 0.04140625 0.1125