0 0.8203125 0.41953125 0.01953125 0.0203125
2 0.871875 0.42578125 0.03359375 0.07109375
2 0.98046875 0.6859375 0.02265625 0.11015625
2 0.69375 0.4515625 0.02109375 0.08984375
2 0.60234375 0.76640625 0.02734375 0.11640625
2 0.5953125 0.6234375 0.02421875 0.1
2 0.26015625 0.7734375 0.04609375 0.1
2 0.29375 0.75234375 0.040625 0.10859375
2 0.3140625 0.715625 0.0234375 0.096875
2 0.3375 0.7171875 0.03671875 0.10078125
2 0.34765625 0.6859375 0.025 0.078125
2 0.3671875 0.70859375 0.034375 0.08828125
2 0.3859375 0.675 0.04140625 0.1
2 0.41875 0.66171875 0.03671875 0.10078125
2 0.41953125 0.60078125 0.02265625 0.053125
2 0.45390625 0.62890625 0.02734375 0.09609375
2 0.4796875 0.58203125 0.02265625 0.10078125
2 0.503125 0.59453125 0.02265625 0.090625
2 0.48671875 0.6890625 0.0265625 0.10625
1 0.10546875 0.59375 0.0265625 0.11015625
3 0.15078125 0.496875 0.0328125 0.0796875
3 0.7390625 0.39140625 0.02734375 0.06796875
3 0.403125 0.84765625 0.03984375 0.13984375