1 0.24609375 0.4328125 0.03046875 0.08359375
0 0.79921875 0.5859375 0.0265625 0.03046875
3 0.70625 0.6203125 0.03203125 0.13359375
3 0.903125 0.33046875 0.02109375 0.078125
2 0.371875 0.5546875 0.02265625 0.1046875
2 0.403125 0.55703125 0.03203125 0.10390625
2 0.55078125 0.4796875 0.02265625 0.09375
2 0.56875 0.46484375 0.02265625 0.06328125
2 0.58671875 0.4515625 0.04140625 0.059375
2 0.609375 0.45234375 0.0390625 0.078125
2 0.65234375 0.43046875 0.01953125 0.0578125
2 0.6671875 0.471875 0.02265625 0.1
2 0.62578125 0.63828125 0.03046875 0.12734375
2 0.78046875 0.471875 0.02734375 0.096875
2 0.86953125 0.45703125 0.02578125 0.10078125
2 0.828125 0.59609375 0.040625 0.10859375
2 0.56875 0.534375 0.01875 0.10625
2 0.58359375 0.534375 0.015625 0.10625
2 0.609375 0.515625 0.015625 0.10703125
2 0.59765625 0.5234375 0.01171875 0.1171875