3 0.7734375 0.37109375 0.0203125 0.08828125
3 0.2734375 0.23359375 0.0203125 0.0734375
2 0.2578125 0.87578125 0.040625 0.12265625
2 0.17109375 0.7546875 0.02421875 0.11875
2 0.1421875 0.54140625 0.02421875 0.10625
2 0.203125 0.57109375 0.02421875 0.11015625
0 0.29296875 0.39375 0.01171875 0.02265625
2 0.2640625 0.33359375 0.01953125 0.084375
2 0.30390625 0.36328125 0.02265625 0.08203125
2 0.41875 0.28046875 0.015625 0.07109375
2 0.43359375 0.44140625 0.025 0.096875
2 0.5046875 0.2734375 0.01953125 0.046875
2 0.50390625 0.32421875 0.021875 0.065625
2 0.55859375 0.3140625 0.01796875 0.071875
2 0.56015625 0.85625 0.04375 0.13359375
2 0.5734375 0.5375 0.0265625 0.09609375
2 0.6359375 0.56328125 0.021875 0.08828125
2 0.86875 0.3375 0.02109375 0.0796875
2 0.9125 0.36328125 0.02578125 0.090625
2 0.96328125 0.45859375 0.021875 0.0875
2 0.9890625 0.475 0.02109375 0.1046875