3 0.41015625 0.7546875 0.02890625 0.11328125
3 0.58125 0.3046875 0.028125 0.06171875
0 0.884375 0.47734375 0.0125 0.0203125
2 0.90078125 0.45078125 0.025 0.0609375
2 0.95703125 0.596875 0.028125 0.10234375
2 0.9203125 0.72578125 0.02421875 0.12109375
2 0.63671875 0.35 0.01953125 0.071875
2 0.60546875 0.45 0.015625 0.08203125
2 0.52109375 0.41875 0.01953125 0.084375
2 0.4765625 0.61640625 0.0234375 0.1
2 0.43125 0.61015625 0.02890625 0.09609375
2 0.36171875 0.5625 0.04140625 0.08984375
2 0.346875 0.678125 0.03515625 0.10078125
2 0.2953125 0.5875 0.03046875 0.08984375
2 0.26953125 0.6265625 0.03203125 0.1
2 0.21953125 0.6625 0.04296875 0.10625
2 0.2078125 0.7171875 0.03125 0.10078125
2 0.1859375 0.675 0.02421875 0.1
2 0.1484375 0.71640625 0.03515625 0.0640625
2 0.153125 0.775 0.02890625 0.10390625
2 0.11953125 0.79453125 0.04140625 0.1171875
2 0.06640625 0.809375 0.0359375 0.11328125
2 0.06796875 0.89140625 0.04375 0.12109375