2 0.34453125 0.57109375 0.0453125 0.11484375
2 0.46328125 0.51953125 0.034375 0.096875
2 0.4859375 0.52109375 0.03515625 0.10078125
2 0.5359375 0.5125 0.03046875 0.10078125
2 0.51796875 0.50859375 0.0171875 0.10390625
2 0.55625 0.49296875 0.03046875 0.096875
2 0.571875 0.44609375 0.01640625 0.0609375
2 0.58203125 0.4953125 0.0140625 0.10625
2 0.6015625 0.48125 0.01953125 0.09375
2 0.62265625 0.45078125 0.0328125 0.10078125
2 0.6828125 0.53203125 0.02890625 0.096875
3 0.88046875 0.5671875 0.021875 0.11328125
0 0.859375 0.5328125 0.0203125 0.02265625
2 0.8859375 0.51015625 0.03125 0.04765625
2 0.96171875 0.4953125 0.0234375 0.10859375
3 0.84375 0.31953125 0.02734375 0.078125
1 0.09296875 0.47265625 0.02890625 0.08984375