0 0.21171875 0.61328125 0.01484375 0.028125
1 0.83984375 0.46171875 0.03515625 0.096875
2 0.95859375 0.63359375 0.03515625 0.15390625
2 0.7265625 0.57109375 0.03046875 0.11875
2 0.14765625 0.528125 0.02265625 0.125
2 0.165625 0.4484375 0.0171875 0.10859375
2 0.16796875 0.55546875 0.06015625 0.10859375
2 0.271875 0.48046875 0.02734375 0.10703125
2 0.33203125 0.59453125 0.03671875 0.14140625
2 0.3515625 0.475 0.0265625 0.096875
2 0.37109375 0.4515625 0.02734375 0.11015625
2 0.4140625 0.47578125 0.03359375 0.10625
2 0.47109375 0.48671875 0.0359375 0.096875
2 0.51484375 0.52734375 0.01953125 0.12265625
3 0.00703125 0.525 0.0140625 0.1265625
2 0.5015625 0.5234375 0.0125 0.1203125