3 0.6703125 0.4015625 0.02265625 0.0453125
3 0.3765625 0.77421875 0.02890625 0.0984375
1 0.1515625 0.5625 0.02265625 0.06953125
0 0.87109375 0.73359375 0.01875 0.028125
2 0.28125 0.8125 0.0359375 0.1
2 0.33046875 0.73515625 0.0375 0.08359375
2 0.34375 0.71015625 0.03046875 0.0796875
2 0.3921875 0.68828125 0.02890625 0.0859375
2 0.43359375 0.6453125 0.02265625 0.078125
2 0.4484375 0.62578125 0.021875 0.084375
2 0.4765625 0.6046875 0.02890625 0.07578125
2 0.49453125 0.57734375 0.02578125 0.0671875
2 0.51953125 0.5265625 0.02734375 0.06328125
2 0.5640625 0.50625 0.01796875 0.06796875
2 0.546875 0.6234375 0.02421875 0.0875
2 0.5765625 0.60703125 0.0203125 0.08359375
2 0.50703125 0.75859375 0.01640625 0.090625
2 0.62890625 0.82109375 0.03046875 0.1
2 0.67109375 0.7078125 0.0171875 0.084375
2 0.67890625 0.54140625 0.0171875 0.071875
2 0.7984375 0.65078125 0.02421875 0.084375
2 0.871875 0.603125 0.025 0.07734375
2 0.9015625 0.721875 0.0359375 0.0859375