0 0.22890625 0.43671875 0.0140625 0.021875
1 0.875 0.478125 0.0296875 0.09453125
3 0.32109375 0.534375 0.02421875 0.0859375
2 0.10703125 0.47421875 0.034375 0.084375
2 0.103125 0.69296875 0.0265625 0.11484375
2 0.2515625 0.67734375 0.02734375 0.11953125
2 0.2671875 0.45234375 0.0296875 0.08671875
2 0.3328125 0.47109375 0.02265625 0.071875
2 0.30546875 0.64453125 0.03359375 0.11796875
2 0.51484375 0.5390625 0.021875 0.09453125
2 0.5390625 0.4796875 0.02421875 0.0796875
2 0.56171875 0.4875 0.02265625 0.07734375
2 0.575 0.4984375 0.021875 0.0890625
2 0.61484375 0.51484375 0.02421875 0.08203125
2 0.6859375 0.57734375 0.0234375 0.103125
2 0.8140625 0.60859375 0.02890625 0.103125
2 0.70859375 0.55703125 0.015625 0.084375
2 0.7296875 0.56015625 0.0328125 0.09921875
2 0.75390625 0.5703125 0.03046875 0.090625
2 0.77734375 0.59296875 0.03984375 0.096875