0 0.23125 0.78671875 0.028125 0.0453125
2 0.27265625 0.63984375 0.028125 0.1375
3 0.5546875 0.5453125 0.03359375 0.11328125
1 0.4109375 0.3875 0.03125 0.078125
2 0.51875 0.4953125 0.028125 0.11015625
2 0.55 0.46328125 0.0328125 0.07109375
2 0.58125 0.45625 0.0359375 0.0921875
2 0.64765625 0.50703125 0.02890625 0.10703125
2 0.6140625 0.440625 0.02734375 0.08359375
2 0.65234375 0.44296875 0.04765625 0.0859375
2 0.67578125 0.4328125 0.0296875 0.0875
2 0.68828125 0.4 0.01953125 0.053125
2 0.69921875 0.4671875 0.02109375 0.10078125
2 0.71484375 0.42265625 0.03515625 0.09453125
2 0.7484375 0.40859375 0.03203125 0.1046875
2 0.8234375 0.3796875 0.02890625 0.09453125
2 0.171875 0.8265625 0.0625 0.125