0 0.315625 0.64609375 0.01796875 0.03671875
2 0.10546875 0.7296875 0.0328125 0.16171875
2 0.06953125 0.51328125 0.03359375 0.1375
2 0.2234375 0.490625 0.028125 0.1171875
2 0.325 0.415625 0.02734375 0.0859375
2 0.35546875 0.4625 0.0328125 0.10859375
2 0.39453125 0.4640625 0.0296875 0.11015625
2 0.40234375 0.41875 0.02421875 0.071875
2 0.3125 0.7328125 0.040625 0.1296875
2 0.475 0.50859375 0.0390625 0.1
2 0.48359375 0.61171875 0.025 0.14296875
2 0.52265625 0.6203125 0.02578125 0.14296875
2 0.9140625 0.68984375 0.03828125 0.153125
1 0.76953125 0.43828125 0.04140625 0.08828125
3 0.21015625 0.41640625 0.0359375 0.1125