0 0.21015625 0.51484375 0.0171875 0.028125
2 0.065625 0.54453125 0.02578125 0.09375
2 0.1421875 0.56953125 0.03046875 0.07578125
2 0.10546875 0.65703125 0.028125 0.1125
2 0.14140625 0.73828125 0.0328125 0.125
2 0.30625 0.51328125 0.02265625 0.0796875
2 0.378125 0.525 0.01640625 0.096875
2 0.42109375 0.54453125 0.01328125 0.0859375
2 0.43515625 0.54140625 0.0171875 0.08828125
2 0.45234375 0.55 0.01875 0.0875
2 0.5078125 0.5703125 0.025 0.084375
2 0.52734375 0.5734375 0.01953125 0.090625
2 0.540625 0.5875 0.01640625 0.10625
2 0.60078125 0.61171875 0.03203125 0.1046875
1 0.7890625 0.54375 0.025 0.07421875
3 0.11328125 0.53125 0.02734375 0.08984375