0 0.15703125 0.60703125 0.0171875 0.034375
1 0.0796875 0.615625 0.03046875 0.06953125
3 0.63984375 0.38359375 0.0171875 0.04765625
2 0.89921875 0.81796875 0.025 0.09609375
2 0.80078125 0.78671875 0.01875 0.09375
2 0.66328125 0.853125 0.0265625 0.1
2 0.54453125 0.66640625 0.0203125 0.084375
2 0.55859375 0.6296875 0.01953125 0.078125
2 0.6328125 0.60703125 0.021875 0.0796875
2 0.6734375 0.525 0.0203125 0.05546875
2 0.71015625 0.53046875 0.01953125 0.065625
2 0.790625 0.646875 0.01875 0.084375
2 0.84140625 0.66015625 0.01796875 0.07109375