3 0.13359375 0.52890625 0.01953125 0.0984375
0 0.321875 0.51171875 0.01953125 0.028125
2 0.3078125 0.46328125 0.02734375 0.08359375
2 0.11484375 0.5671875 0.01953125 0.1
2 0.16484375 0.7296875 0.028125 0.11875
2 0.20546875 0.58828125 0.03125 0.08359375
2 0.59921875 0.5921875 0.0265625 0.10078125
2 0.5625 0.60546875 0.02890625 0.09453125
2 0.54453125 0.56875 0.01875 0.096875
2 0.53203125 0.5578125 0.02421875 0.10234375
2 0.5078125 0.53125 0.02890625 0.084375
2 0.47421875 0.53515625 0.02421875 0.09609375
2 0.45703125 0.53359375 0.02109375 0.08203125
2 0.446875 0.47890625 0.0203125 0.034375
1 0.7796875 0.509375 0.03046875 0.08984375
2 0.42734375 0.52265625 0.02265625 0.090625