0 0.75390625 0.6296875 0.01953125 0.03046875
1 0.24375 0.49453125 0.0375 0.08203125
2 0.3703125 0.71953125 0.0265625 0.125
2 0.43046875 0.84296875 0.03359375 0.1359375
2 0.4875 0.61171875 0.03125 0.109375
2 0.59140625 0.5796875 0.02421875 0.07578125
2 0.5828125 0.5125 0.028125 0.09296875
2 0.50703125 0.59140625 0.021875 0.1140625
2 0.78828125 0.66171875 0.03671875 0.0984375
2 0.9109375 0.63203125 0.02265625 0.121875
2 0.8828125 0.51484375 0.02421875 0.115625
2 0.66953125 0.4859375 0.02890625 0.08359375
2 0.640625 0.47734375 0.034375 0.09140625
3 0.95078125 0.26015625 0.0265625 0.07265625
3 0.64296875 0.69921875 0.0296875 0.1234375