1 0.453125 0.253125 0.02578125 0.0921875
0 0.20078125 0.76015625 0.01796875 0.03515625
2 0.16015625 0.70859375 0.05390625 0.16015625
2 0.28984375 0.6796875 0.03359375 0.15
2 0.23984375 0.4859375 0.02734375 0.1234375
2 0.2671875 0.48828125 0.0328125 0.12109375
2 0.64765625 0.33046875 0.02109375 0.0921875
2 0.63515625 0.32109375 0.01171875 0.096875
2 0.70078125 0.284375 0.01875 0.0984375
2 0.71875 0.29140625 0.021875 0.09453125
2 0.73984375 0.2875 0.01484375 0.09453125
2 0.7453125 0.2703125 0.01484375 0.09375
2 0.77421875 0.27734375 0.02265625 0.1
2 0.7921875 0.30390625 0.02265625 0.053125
2 0.79609375 0.246875 0.0203125 0.06953125
2 0.8265625 0.2640625 0.0296875 0.09609375
2 0.8640625 0.3765625 0.01484375 0.1125
3 0.79140625 0.38984375 0.0296875 0.12734375