0 0.70859375 0.4390625 0.01953125 0.028125
1 0.10234375 0.4453125 0.03359375 0.10703125
3 0.840625 0.58359375 0.02734375 0.1234375
3 0.821875 0.309375 0.0328125 0.08359375
2 0.28515625 0.5875 0.028125 0.1171875
2 0.31328125 0.5765625 0.02734375 0.10703125
2 0.33828125 0.54296875 0.03828125 0.10390625
2 0.38359375 0.52265625 0.0390625 0.10625
2 0.41953125 0.515625 0.03125 0.0921875
2 0.4265625 0.4953125 0.01875 0.071875
2 0.46640625 0.53359375 0.0296875 0.1171875
2 0.4921875 0.48203125 0.01640625 0.0875
2 0.54921875 0.45546875 0.03515625 0.0921875
2 0.57890625 0.45 0.03515625 0.09453125
2 0.6265625 0.42890625 0.021875 0.0796875
2 0.60625 0.5390625 0.03125 0.0984375
2 0.64375 0.49609375 0.02421875 0.11328125
2 0.9140625 0.54765625 0.03203125 0.10625
2 0.90234375 0.3875 0.02421875 0.08359375