1 0.61171875 0.38203125 0.0375 0.084375
0 0.40625 0.5828125 0.01875 0.02890625
2 0.42421875 0.53828125 0.040625 0.11015625
2 0.290625 0.525 0.02265625 0.12109375
2 0.19921875 0.41484375 0.02890625 0.11484375
2 0.15625 0.3875 0.03203125 0.10390625
2 0.3296875 0.38671875 0.03046875 0.09453125
2 0.378125 0.384375 0.0265625 0.1
2 0.41328125 0.39609375 0.028125 0.10234375
2 0.43828125 0.4484375 0.02578125 0.10859375
2 0.453125 0.4078125 0.02421875 0.10078125
2 0.48125 0.41015625 0.034375 0.10625
2 0.540625 0.43671875 0.02109375 0.11875
2 0.55 0.4453125 0.01953125 0.10703125
2 0.56171875 0.4453125 0.01953125 0.10703125
2 0.57890625 0.44609375 0.01953125 0.1125
2 0.59375 0.44609375 0.025 0.1234375
2 0.609375 0.4625 0.02890625 0.11015625
3 0.29140625 0.45625 0.03125 0.04453125