2 0.1234375 0.33125 0.01796875 0.0875
2 0.09375 0.5234375 0.0203125 0.10234375
2 0.146875 0.496875 0.03828125 0.08984375
2 0.25625 0.4 0.021875 0.0875
2 0.28984375 0.4875 0.02890625 0.0859375
2 0.41015625 0.37265625 0.03046875 0.08046875
2 0.4921875 0.24296875 0.021875 0.06953125
2 0.55625 0.34375 0.0234375 0.0734375
2 0.6171875 0.20859375 0.02109375 0.06953125
2 0.57890625 0.2890625 0.0203125 0.08359375
2 0.690625 0.2453125 0.02421875 0.07421875
2 0.73828125 0.34453125 0.02578125 0.078125
2 0.58828125 0.47578125 0.025 0.09375
2 0.62890625 0.7203125 0.028125 0.125
2 0.5421875 0.9234375 0.0375 0.1296875
2 0.7890625 0.528125 0.03203125 0.096875
2 0.84765625 0.5046875 0.03515625 0.1046875
2 0.91875 0.61015625 0.0265625 0.08984375
2 0.95 0.6125 0.021875 0.0984375
0 0.20390625 0.4859375 0.025 0.040625
3 0.49375 0.371875 0.02421875 0.084375
3 0.1625 0.13828125 0.01875 0.0640625
2 0.303125 0.159375 0.01875 0.0671875