2 0.11875 0.31796875 0.02421875 0.065625
2 0.27109375 0.384375 0.0203125 0.084375
2 0.321875 0.32421875 0.021875 0.071875
2 0.40703125 0.43046875 0.02421875 0.08828125
2 0.46875 0.39296875 0.01953125 0.08046875
2 0.5046875 0.35234375 0.021875 0.0734375
2 0.54296875 0.39140625 0.01953125 0.078125
2 0.5578125 0.35625 0.0203125 0.0734375
2 0.6125 0.36640625 0.0171875 0.084375
2 0.62890625 0.3625 0.0203125 0.08359375
2 0.64140625 0.38671875 0.02890625 0.06953125
2 0.6578125 0.39296875 0.0203125 0.059375
2 0.6734375 0.40234375 0.01796875 0.08984375
2 0.6953125 0.4125 0.021875 0.090625
2 0.7421875 0.41484375 0.025 0.07421875
1 0.7890625 0.34765625 0.0265625 0.0671875
0 0.14609375 0.32265625 0.0203125 0.02421875
3 0.2890625 0.36640625 0.0171875 0.078125