0 0.5078125 0.8734375 0.021875 0.034375
1 0.296875 0.33515625 0.01953125 0.071875
2 0.27265625 0.61328125 0.02578125 0.10078125
2 0.31875 0.56484375 0.02890625 0.08984375
2 0.36328125 0.6765625 0.03125 0.0984375
2 0.45625 0.41953125 0.01953125 0.065625
2 0.54140625 0.3484375 0.01796875 0.06328125
2 0.55703125 0.346875 0.01640625 0.0796875
2 0.60390625 0.3265625 0.0171875 0.0671875
2 0.90390625 0.28046875 0.01953125 0.0578125
2 0.746875 0.3734375 0.01953125 0.0640625
2 0.71171875 0.48359375 0.02421875 0.0859375
3 0.67578125 0.5171875 0.01640625 0.084375
2 0.68359375 0.45546875 0.01953125 0.06328125
2 0.53203125 0.66171875 0.0328125 0.0734375
2 0.4609375 0.84765625 0.03828125 0.11015625
2 0.65859375 0.70546875 0.025 0.10703125
2 0.88828125 0.64609375 0.03046875 0.10234375
3 0.73125 0.22890625 0.0171875 0.04765625