1 0.23046875 0.48515625 0.028125 0.1203125
0 0.73984375 0.65625 0.01484375 0.0328125
2 0.7875 0.659375 0.03515625 0.10390625
2 0.9171875 0.6515625 0.02421875 0.11875
2 0.7484375 0.5640625 0.0203125 0.0921875
2 0.6375 0.51796875 0.03046875 0.08984375
2 0.61015625 0.51875 0.025 0.090625
2 0.5921875 0.53671875 0.021875 0.10078125
2 0.57265625 0.53984375 0.02109375 0.06953125
2 0.46796875 0.64609375 0.03828125 0.1046875
2 0.50703125 0.6625 0.02578125 0.12109375
3 0.703125 0.6859375 0.02734375 0.12265625
3 0.89765625 0.321875 0.02109375 0.06796875
2 0.5640625 0.49375 0.01953125 0.025
2 0.525 0.5671875 0.01640625 0.0796875