2 0.11484375 0.6921875 0.02734375 0.07734375
2 0.13125 0.596875 0.02109375 0.06953125
2 0.12578125 0.51015625 0.0203125 0.05078125
2 0.25546875 0.525 0.01484375 0.0640625
2 0.36484375 0.5 0.0265625 0.053125
2 0.39375 0.48203125 0.01640625 0.0578125
2 0.40078125 0.603125 0.02265625 0.0671875
2 0.41171875 0.62421875 0.0234375 0.0640625
2 0.42421875 0.65234375 0.02578125 0.06171875
2 0.4640625 0.5609375 0.02109375 0.05703125
2 0.47265625 0.5828125 0.01953125 0.06171875
2 0.503125 0.57578125 0.0171875 0.0375
2 0.515625 0.590625 0.03046875 0.065625
2 0.4921875 0.6109375 0.028125 0.0578125
2 0.5203125 0.65078125 0.025 0.071875
2 0.5515625 0.65 0.021875 0.07109375
2 0.60234375 0.65390625 0.02578125 0.06796875
2 0.5578125 0.73984375 0.03203125 0.07109375
2 0.5296875 0.80625 0.01953125 0.08984375
1 0.86953125 0.5703125 0.01953125 0.071875
3 0.35234375 0.5609375 0.01640625 0.065625
0 0.18203125 0.4890625 0.01171875 0.01875