2 0.44375 0.64609375 0.01875 0.09609375
2 0.45859375 0.6546875 0.02421875 0.0921875
2 0.4890625 0.63125 0.0296875 0.08828125
2 0.51171875 0.6015625 0.0328125 0.084375
2 0.53203125 0.59375 0.034375 0.0921875
2 0.57578125 0.58125 0.01640625 0.09453125
2 0.596875 0.5796875 0.01953125 0.090625
2 0.6359375 0.70546875 0.0265625 0.10625
2 0.65234375 0.74453125 0.028125 0.10234375
2 0.8125 0.778125 0.0265625 0.08828125
2 0.84375 0.58359375 0.03515625 0.07421875
2 0.89921875 0.625 0.02265625 0.0859375
2 0.921875 0.65546875 0.02421875 0.0984375
2 0.98046875 0.6609375 0.0171875 0.096875
0 0.8421875 0.61640625 0.0125 0.01875
3 0.80078125 0.39453125 0.01875 0.07734375
3 0.396875 0.45703125 0.028125 0.0734375
3 0.83828125 0.71875 0.02265625 0.11015625
1 0.2 0.60390625 0.03125 0.078125