0 0.2265625 0.2796875 0.0125 0.02890625
3 0.03515625 0.27734375 0.02578125 0.1171875
2 0.13515625 0.66171875 0.053125 0.17421875
2 0.2453125 0.24296875 0.0296875 0.09453125
2 0.42578125 0.2875 0.01953125 0.10390625
2 0.42578125 0.41015625 0.03515625 0.12109375
2 0.478125 0.42265625 0.04921875 0.12734375
2 0.52578125 0.40703125 0.03359375 0.1046875
2 0.5546875 0.41875 0.02890625 0.12265625
2 0.584375 0.3390625 0.02578125 0.09453125
2 0.58046875 0.43671875 0.03671875 0.11640625
2 0.603125 0.4 0.02734375 0.11484375
2 0.6265625 0.43203125 0.02890625 0.13359375
2 0.64765625 0.44140625 0.03125 0.11015625
2 0.66875 0.34765625 0.02265625 0.07421875
2 0.6765625 0.41640625 0.03203125 0.10234375
2 0.70703125 0.38515625 0.02734375 0.06328125
2 0.71328125 0.47265625 0.03046875 0.12734375
1 0.77890625 0.36328125 0.0328125 0.1171875