2 0.8515625 0.46484375 0.0421875 0.09609375
2 0.7109375 0.55 0.028125 0.13046875
2 0.58984375 0.6796875 0.0296875 0.1484375
2 0.55859375 0.434375 0.034375 0.12578125
2 0.5140625 0.44296875 0.02578125 0.09296875
2 0.5265625 0.528125 0.0265625 0.11953125
2 0.41328125 0.478125 0.02890625 0.115625
2 0.36328125 0.48515625 0.03515625 0.11015625
2 0.34140625 0.50078125 0.0234375 0.11953125
2 0.31875 0.5109375 0.03203125 0.12421875
2 0.25546875 0.53671875 0.02734375 0.1109375
2 0.2234375 0.534375 0.0234375 0.1203125
2 0.19375 0.55234375 0.0390625 0.121875
2 0.16484375 0.5796875 0.05390625 0.134375
2 0.0890625 0.59296875 0.040625 0.134375
1 0.10703125 0.46328125 0.02890625 0.09375
3 0.82734375 0.32421875 0.02890625 0.08125
3 0.67578125 0.58125 0.03515625 0.1390625
0 0.65859375 0.37421875 0.0375 0.04921875