2 0.459375 0.78125 0.03125 0.1375
2 0.2625 0.6015625 0.01953125 0.10703125
2 0.14609375 0.47421875 0.025 0.10703125
2 0.1921875 0.453125 0.0375 0.08828125
2 0.23515625 0.40390625 0.02109375 0.10859375
2 0.2421875 0.3796875 0.0171875 0.096875
2 0.28671875 0.35390625 0.03359375 0.0921875
2 0.30625 0.42890625 0.01953125 0.10078125
2 0.33828125 0.31328125 0.03046875 0.08359375
2 0.37734375 0.2703125 0.03359375 0.07578125
2 0.38828125 0.25546875 0.0375 0.0640625
2 0.4984375 0.32578125 0.025 0.08828125
2 0.528125 0.46640625 0.02890625 0.1046875
2 0.58828125 0.36328125 0.0203125 0.09453125
2 0.890625 0.29453125 0.0296875 0.1
2 0.7390625 0.6046875 0.03515625 0.09375
0 0.69140625 0.503125 0.028125 0.0265625
3 0.275 0.6265625 0.02890625 0.1109375