2 0.32421875 0.73984375 0.03359375 0.14609375
2 0.28125 0.440625 0.02578125 0.12109375
2 0.32265625 0.29140625 0.025 0.10625
2 0.47265625 0.22265625 0.0234375 0.096875
2 0.66640625 0.2640625 0.0296875 0.07578125
2 0.43359375 0.4015625 0.03359375 0.11640625
2 0.39453125 0.48828125 0.03203125 0.10390625
2 0.41015625 0.55390625 0.034375 0.12734375
2 0.47890625 0.60625 0.03046875 0.1234375
2 0.509375 0.59453125 0.03203125 0.12890625
2 0.53984375 0.58515625 0.03203125 0.1046875
2 0.5890625 0.50078125 0.03359375 0.1046875
2 0.76015625 0.48203125 0.0421875 0.11015625
2 0.6359375 0.775 0.03515625 0.1296875
2 0.865625 0.67734375 0.03671875 0.12265625
2 0.9453125 0.79609375 0.03046875 0.15
3 0.4921875 0.0203125 0.0171875 0.040625
3 0.52578125 0.48671875 0.03046875 0.1171875
0 0.60390625 0.5984375 0.0203125 0.03515625