3 0.11171875 0.5125 0.02109375 0.10859375
0 0.153125 0.61015625 0.0125 0.0265625
1 0.80859375 0.54453125 0.034375 0.07734375
2 0.028125 0.73984375 0.03515625 0.12890625
2 0.1125 0.61015625 0.03359375 0.12109375
2 0.12890625 0.55390625 0.028125 0.08203125
2 0.33515625 0.459375 0.02265625 0.0984375
2 0.3453125 0.815625 0.0328125 0.1265625
2 0.40234375 0.6140625 0.0359375 0.10703125
2 0.43125 0.49140625 0.021875 0.10703125
2 0.46875 0.51953125 0.01171875 0.1046875
2 0.47734375 0.5234375 0.0125 0.1125
2 0.490625 0.53671875 0.0125 0.11875
2 0.5015625 0.553125 0.02421875 0.10390625
2 0.5203125 0.54765625 0.0234375 0.1234375
2 0.5125 0.721875 0.02890625 0.12109375
2 0.5515625 0.5859375 0.03046875 0.11875
2 0.57265625 0.59375 0.021875 0.12265625
2 0.62265625 0.64921875 0.02109375 0.11640625
2 0.60390625 0.64921875 0.02421875 0.12109375