3 0.1 0.57890625 0.0203125 0.0921875
0 0.35078125 0.5734375 0.02265625 0.0328125
2 0.13671875 0.58515625 0.02109375 0.096875
2 0.2203125 0.59765625 0.03515625 0.084375
2 0.27890625 0.653125 0.02109375 0.096875
2 0.31640625 0.55078125 0.02265625 0.0859375
2 0.38828125 0.540625 0.02265625 0.0859375
2 0.365625 0.7125 0.02890625 0.1203125
2 0.43671875 0.68671875 0.028125 0.1109375
2 0.62109375 0.609375 0.02265625 0.0921875
2 0.58984375 0.6 0.02890625 0.0921875
2 0.55390625 0.58203125 0.01640625 0.10625
2 0.534375 0.58046875 0.0265625 0.08828125
2 0.51015625 0.58359375 0.0234375 0.08359375
2 0.46953125 0.56328125 0.015625 0.078125
2 0.4578125 0.57421875 0.0171875 0.0796875
2 0.446875 0.55859375 0.01484375 0.08203125
2 0.43515625 0.5421875 0.01640625 0.0875
1 0.75859375 0.54453125 0.02578125 0.06328125