3 0.7484375 0.66640625 0.03515625 0.09609375
3 0.75390625 0.22421875 0.01875 0.06171875
1 0.18125 0.49375 0.02734375 0.0859375
0 0.82734375 0.475 0.01171875 0.02265625
2 0.87890625 0.35703125 0.02421875 0.08046875
2 0.94921875 0.528125 0.0421875 0.096875
2 0.7265625 0.39296875 0.021875 0.09609375
2 0.31640625 0.65703125 0.02421875 0.0671875
2 0.33984375 0.6234375 0.0234375 0.1
2 0.3671875 0.6421875 0.025 0.10234375
2 0.41875 0.60234375 0.02734375 0.10859375
2 0.49296875 0.55 0.028125 0.096875
2 0.51875 0.53359375 0.0328125 0.0875
2 0.61640625 0.421875 0.03203125 0.06328125
2 0.6078125 0.453125 0.03046875 0.08046875
2 0.6046875 0.51015625 0.01875 0.065625
2 0.60625 0.5765625 0.0234375 0.09453125
2 0.671875 0.484375 0.01796875 0.07734375
2 0.6875 0.5046875 0.01875 0.09609375
2 0.70234375 0.4921875 0.01484375 0.090625
2 0.68828125 0.64921875 0.03046875 0.11640625