3 0.75078125 0.63828125 0.025 0.10703125
3 0.4921875 0.29140625 0.01796875 0.0609375
2 0.04921875 0.88125 0.03828125 0.13671875
2 0.1625 0.65546875 0.02578125 0.1109375
2 0.175 0.77109375 0.0234375 0.12265625
2 0.209375 0.5859375 0.02265625 0.1109375
2 0.28125 0.665625 0.021875 0.11328125
2 0.3140625 0.49140625 0.021875 0.10390625
2 0.39140625 0.41953125 0.02109375 0.0796875
2 0.55 0.35390625 0.02265625 0.0734375
2 0.66796875 0.325 0.01953125 0.06953125
2 0.59140625 0.46953125 0.0265625 0.09609375
2 0.528125 0.59296875 0.025 0.09453125
2 0.70390625 0.44375 0.021875 0.084375
2 0.8359375 0.4734375 0.0265625 0.08046875
2 0.86015625 0.840625 0.02734375 0.1234375
2 0.659375 0.69765625 0.02734375 0.1125
2 0.92109375 0.66328125 0.0265625 0.11484375
0 0.796875 0.49296875 0.0109375 0.02109375