3 0.0109375 0.52421875 0.021875 0.1265625
1 0.79765625 0.50859375 0.03671875 0.096875
0 0.28359375 0.43515625 0.0171875 0.03125
2 0.075 0.48046875 0.03046875 0.1
2 0.1359375 0.49921875 0.0375 0.103125
2 0.15 0.584375 0.03203125 0.096875
2 0.359375 0.5453125 0.0296875 0.11875
2 0.3953125 0.48359375 0.03203125 0.109375
2 0.42890625 0.478125 0.01328125 0.1203125
2 0.4140625 0.46015625 0.0171875 0.1171875
2 0.48671875 0.51015625 0.03125 0.1125
2 0.5125 0.50078125 0.01875 0.109375
2 0.43125 0.66171875 0.03203125 0.1328125
2 0.6109375 0.63671875 0.0328125 0.128125
2 0.61875 0.53671875 0.02890625 0.0984375
2 0.6421875 0.5609375 0.034375 0.109375