2 0.0671875 0.78984375 0.034375 0.1
2 0.065625 0.8828125 0.0375 0.11328125
2 0.115625 0.78203125 0.03203125 0.1171875
2 0.15625 0.76640625 0.0421875 0.10625
2 0.14375 0.6984375 0.02578125 0.0453125
2 0.18203125 0.66015625 0.02421875 0.07578125
2 0.2109375 0.7078125 0.04296875 0.096875
2 0.20859375 0.65 0.0328125 0.10078125
2 0.27109375 0.6203125 0.040625 0.09375
2 0.30703125 0.58125 0.03828125 0.0921875
2 0.3625 0.55234375 0.0328125 0.0875
2 0.35703125 0.67109375 0.0296875 0.10234375
2 0.4375 0.603125 0.0296875 0.08984375
2 0.49140625 0.6140625 0.02265625 0.1046875
2 0.5421875 0.41796875 0.02421875 0.0859375
2 0.61953125 0.45546875 0.0234375 0.08046875
2 0.6578125 0.353125 0.01796875 0.071875
2 0.90859375 0.45234375 0.0390625 0.08359375
2 0.97890625 0.59765625 0.0265625 0.1046875
2 0.9421875 0.728125 0.02734375 0.1171875
0 0.8 0.42421875 0.02265625 0.025
3 0.4265625 0.75703125 0.03515625 0.11015625
3 0.58828125 0.30390625 0.02890625 0.0640625