0 0.32578125 0.5265625 0.0234375 0.0453125
3 0.1109375 0.35 0.02890625 0.11015625
1 0.7234375 0.3078125 0.02734375 0.096875
2 0.84609375 0.60078125 0.03125 0.1515625
2 0.78515625 0.54921875 0.034375 0.14375
2 0.50859375 0.58046875 0.03359375 0.18828125
2 0.37421875 0.771875 0.0375 0.18046875
2 0.13984375 0.515625 0.0375 0.14296875
2 0.146875 0.30234375 0.02421875 0.0875
2 0.19921875 0.30859375 0.0328125 0.084375
2 0.2140625 0.3375 0.02265625 0.0921875
2 0.234375 0.36875 0.02109375 0.10625
2 0.246875 0.33125 0.01953125 0.084375
2 0.26484375 0.35625 0.03203125 0.0984375
2 0.284375 0.3734375 0.0421875 0.07734375
2 0.3140625 0.38671875 0.04609375 0.07734375