2 0.95078125 0.45 0.03828125 0.09375
2 0.98671875 0.515625 0.0265625 0.1171875
0 0.76171875 0.3703125 0.02734375 0.02421875
2 0.721875 0.4453125 0.02578125 0.0921875
2 0.53125 0.3765625 0.0203125 0.07578125
2 0.5703125 0.5078125 0.0203125 0.07578125
2 0.58203125 0.559375 0.028125 0.10625
2 0.44609375 0.4109375 0.02265625 0.0921875
2 0.35859375 0.478125 0.0203125 0.09453125
2 0.33125 0.5265625 0.02578125 0.10859375
2 0.2953125 0.50546875 0.02734375 0.1046875
2 0.2640625 0.50546875 0.034375 0.1
2 0.1890625 0.5359375 0.034375 0.1
2 0.15625 0.51953125 0.02265625 0.05703125
2 0.14921875 0.58125 0.04921875 0.1046875
2 0.1140625 0.575 0.03359375 0.1
2 0.08671875 0.6109375 0.03828125 0.10625
2 0.05546875 0.61015625 0.0546875 0.10703125
3 0.60390625 0.30625 0.01953125 0.0640625
3 0.2828125 0.58984375 0.02734375 0.13125