1 0.23984375 0.584375 0.02734375 0.09375
3 0.37421875 0.54296875 0.0234375 0.08359375
3 0.87109375 0.66015625 0.02265625 0.1109375
3 0.81171875 0.4859375 0.0234375 0.065625
2 0.31796875 0.60703125 0.02421875 0.0875
2 0.32265625 0.64921875 0.03203125 0.0859375
2 0.35546875 0.64765625 0.03515625 0.0984375
2 0.459375 0.61484375 0.02109375 0.0859375
2 0.478125 0.60703125 0.03359375 0.0921875
2 0.52734375 0.64765625 0.0234375 0.10625
2 0.58671875 0.56796875 0.015625 0.10078125
2 0.65234375 0.6203125 0.02578125 0.10859375
2 0.7421875 0.69375 0.02734375 0.1171875
2 0.83828125 0.584375 0.03515625 0.08046875
0 0.75703125 0.5578125 0.0203125 0.03046875
2 0.95078125 0.64296875 0.01953125 0.1046875
2 0.97265625 0.721875 0.02578125 0.125