0 0.7859375 0.590625 0.0359375 0.03828125
2 0.9484375 0.6265625 0.040625 0.1453125
2 0.8421875 0.59921875 0.05625 0.1125
2 0.3796875 0.63359375 0.03046875 0.1375
2 0.459375 0.578125 0.02421875 0.125
2 0.56796875 0.54765625 0.01875 0.1234375
2 0.59375 0.54296875 0.0203125 0.13125
2 0.6125 0.540625 0.0203125 0.10625
2 0.671875 0.49140625 0.0390625 0.08359375
2 0.6953125 0.48984375 0.021875 0.09375
2 0.696875 0.44921875 0.03359375 0.06796875
2 0.7875 0.4296875 0.0359375 0.071875
2 0.56796875 0.453125 0.021875 0.05078125
1 0.1890625 0.4625 0.03125 0.10234375
3 0.9453125 0.3375 0.0359375 0.0671875