3 0.2171875 0.33671875 0.0203125 0.08203125
3 0.70546875 0.2640625 0.03046875 0.06328125
2 0.896875 0.34375 0.0359375 0.084375
3 0.54453125 0.53203125 0.028125 0.1125
1 0.13671875 0.41640625 0.03046875 0.08828125
2 0.34140625 0.509375 0.0390625 0.0875
2 0.3640625 0.49375 0.03359375 0.08828125
2 0.3609375 0.46640625 0.02578125 0.07421875
2 0.39296875 0.47421875 0.02109375 0.0921875
2 0.4140625 0.46328125 0.02421875 0.09609375
2 0.42421875 0.4453125 0.028125 0.08984375
2 0.4625 0.43828125 0.02890625 0.08828125
2 0.47421875 0.42265625 0.02734375 0.07421875
2 0.50546875 0.41328125 0.034375 0.0875
2 0.56015625 0.44296875 0.03046875 0.09375
2 0.6546875 0.42578125 0.02265625 0.09375
2 0.65625 0.49765625 0.03203125 0.10390625
2 0.66171875 0.34921875 0.0140625 0.07421875
2 0.6734375 0.334375 0.01328125 0.078125
2 0.98828125 0.53671875 0.0234375 0.1234375