0 0.1890625 0.878125 0.01953125 0.03125
2 0.15 0.8109375 0.0625 0.13984375
2 0.2765625 0.6390625 0.0328125 0.1390625
1 0.409375 0.38984375 0.03046875 0.084375
3 0.55859375 0.54453125 0.0296875 0.11875
2 0.5328125 0.4921875 0.02734375 0.1109375
2 0.5703125 0.47890625 0.04453125 0.10703125
2 0.5984375 0.4578125 0.04296875 0.096875
2 0.6515625 0.5046875 0.01953125 0.1
2 0.62734375 0.45078125 0.03125 0.08359375
2 0.6265625 0.4078125 0.01953125 0.053125
2 0.6578125 0.4421875 0.025 0.040625
2 0.7015625 0.4609375 0.0265625 0.09609375
2 0.6796875 0.428125 0.025 0.08359375
2 0.6984375 0.40078125 0.021875 0.04921875
2 0.721875 0.4171875 0.028125 0.096875
2 0.75234375 0.403125 0.0296875 0.10390625
2 0.83125 0.37890625 0.03046875 0.09375