2 0.09296875 0.56015625 0.03203125 0.1171875
2 0.09296875 0.3328125 0.03046875 0.0875
2 0.1828125 0.24453125 0.0171875 0.071875
2 0.25390625 0.40703125 0.02734375 0.0875
2 0.3 0.36015625 0.02109375 0.08984375
2 0.3546875 0.29140625 0.0234375 0.07109375
2 0.6359375 0.2125 0.01953125 0.06796875
2 0.63046875 0.31484375 0.01796875 0.07734375
2 0.640625 0.32421875 0.01640625 0.078125
2 0.73203125 0.26484375 0.021875 0.06953125
2 0.68828125 0.36015625 0.0234375 0.0921875
2 0.62109375 0.54375 0.02734375 0.10703125
2 0.75234375 0.3421875 0.0171875 0.08359375
2 0.86875 0.35 0.02265625 0.08828125
2 0.86875 0.475 0.0234375 0.1046875
2 0.90234375 0.47734375 0.02734375 0.10390625
2 0.9875 0.48515625 0.0234375 0.10859375
2 0.99296875 0.4234375 0.01328125 0.071875
2 0.90546875 0.92265625 0.03359375 0.1515625
3 0.1015625 0.2109375 0.01328125 0.06328125
3 0.66171875 0.2890625 0.0203125 0.08359375
0 0.12890625 0.3328125 0.0140625 0.02109375