2 0.13203125 0.38203125 0.0375 0.1125
2 0.340625 0.50859375 0.03046875 0.10703125
2 0.48515625 0.41796875 0.03203125 0.0984375
2 0.4890625 0.50703125 0.03515625 0.10703125
2 0.61484375 0.5 0.034375 0.12109375
2 0.72265625 0.46875 0.034375 0.1109375
2 0.79296875 0.4765625 0.04140625 0.10703125
2 0.72109375 0.83359375 0.02890625 0.15546875
2 0.8984375 0.5421875 0.03984375 0.1125
2 0.90703125 0.496875 0.03515625 0.096875
2 0.9453125 0.53984375 0.0421875 0.1171875
1 0.9703125 0.4390625 0.03203125 0.0984375
2 0.98671875 0.68984375 0.0265625 0.1359375
2 0.8328125 0.965625 0.0328125 0.06796875
0 0.41640625 0.14609375 0.0125 0.0328125