0 0.55390625 0.7125 0.01796875 0.02890625
3 0.4296875 0.8375 0.03515625 0.10234375
3 0.41796875 0.46484375 0.03828125 0.08359375
3 0.93125 0.86015625 0.05703125 0.11484375
2 0.9109375 0.5765625 0.0375 0.1
2 0.51484375 0.6421875 0.040625 0.07734375
2 0.59609375 0.46171875 0.03359375 0.0796875
2 0.12578125 0.76484375 0.05078125 0.10625
2 0.2234375 0.67109375 0.034375 0.1046875
2 0.2453125 0.57421875 0.03046875 0.0859375
2 0.140625 0.615625 0.04765625 0.08984375
2 0.1203125 0.58359375 0.03359375 0.09375
2 0.12890625 0.41484375 0.03125 0.08984375
2 0.07265625 0.41171875 0.03203125 0.09375
2 0.1109375 0.2765625 0.028125 0.08359375
2 0.24453125 0.19765625 0.021875 0.0796875
2 0.33125 0.14765625 0.02734375 0.08046875
2 0.42109375 0.35625 0.03359375 0.0859375
2 0.62890625 0.20390625 0.028125 0.0671875
2 0.7390625 0.21171875 0.02734375 0.0640625
2 0.75078125 0.36015625 0.02734375 0.09375
2 0.84453125 0.34453125 0.03515625 0.08359375
2 0.24296875 0.5078125 0.025 0.06796875