0 0.69375 0.5078125 0.03125 0.04765625
3 0.69140625 0.41171875 0.03203125 0.11875
2 0.015625 0.48125 0.0296875 0.13125
2 0.18515625 0.27265625 0.03515625 0.10390625
2 0.1640625 0.4125 0.03125 0.11875
2 0.2265625 0.596875 0.04765625 0.12734375
2 0.25625 0.53984375 0.02734375 0.12734375
2 0.56953125 0.140625 0.02421875 0.08203125
2 0.38125 0.71484375 0.03515625 0.14921875
2 0.5828125 0.38515625 0.03046875 0.10859375
2 0.60625 0.40703125 0.02890625 0.1171875
2 0.796875 0.1703125 0.01953125 0.06796875
2 0.59140625 0.76328125 0.04765625 0.14765625
2 0.6234375 0.64609375 0.03828125 0.14375
2 0.62890625 0.54296875 0.028125 0.08828125
2 0.7546875 0.59921875 0.0359375 0.14765625
2 0.771875 0.65234375 0.0390625 0.15
2 0.8640625 0.49296875 0.03203125 0.13984375