2 0.34609375 0.24140625 0.01875 0.07109375
2 0.2046875 0.43046875 0.02734375 0.07109375
2 0.17890625 0.45390625 0.0203125 0.07421875
2 0.1953125 0.48203125 0.03046875 0.0859375
2 0.19765625 0.56875 0.02109375 0.08984375
2 0.39765625 0.4953125 0.03203125 0.09609375
2 0.46796875 0.33984375 0.0296875 0.078125
2 0.515625 0.59609375 0.0421875 0.06796875
2 0.53984375 0.5859375 0.02109375 0.08046875
2 0.61875 0.44296875 0.02265625 0.0859375
2 0.64296875 0.46171875 0.02734375 0.084375
2 0.6484375 0.571875 0.02578125 0.08046875
2 0.68046875 0.5484375 0.02890625 0.1
2 0.63515625 0.7 0.04140625 0.09453125
2 0.66796875 0.68125 0.03828125 0.0875
2 0.96875 0.48828125 0.02265625 0.09453125
2 0.940625 0.471875 0.03125 0.090625
2 0.8890625 0.3953125 0.0296875 0.09609375
2 0.86328125 0.2859375 0.01953125 0.07421875
2 0.8046875 0.18984375 0.01796875 0.06171875
0 0.5546875 0.6265625 0.01171875 0.02265625
3 0.559375 0.42578125 0.021875 0.0921875
3 0.24375 0.153125 0.03203125 0.05703125