0 0.54453125 0.39375 0.01328125 0.0203125
2 0.41171875 0.58046875 0.034375 0.1375
2 0.090625 0.41484375 0.02734375 0.1125
2 0.10859375 0.5015625 0.02734375 0.13125
2 0.0828125 0.63515625 0.04296875 0.14375
2 0.23359375 0.45546875 0.03046875 0.1375
2 0.215625 0.6953125 0.03359375 0.16015625
2 0.3171875 0.9578125 0.028125 0.084375
2 0.625 0.59453125 0.0515625 0.13671875
2 0.57421875 0.4921875 0.04140625 0.1265625
2 0.56328125 0.36484375 0.0390625 0.10859375
2 0.5328125 0.2921875 0.02890625 0.0640625
2 0.62265625 0.28828125 0.05078125 0.096875
3 0.5359375 0.13046875 0.02421875 0.0671875