2 0.29765625 0.67578125 0.0546875 0.1859375
2 0.234375 0.21875 0.01875 0.07421875
2 0.34765625 0.26953125 0.02109375 0.09453125
2 0.43515625 0.34296875 0.0359375 0.1046875
2 0.36328125 0.5421875 0.0296875 0.10703125
2 0.384375 0.5125 0.03046875 0.1234375
2 0.396875 0.7015625 0.0421875 0.20078125
2 0.5671875 0.28828125 0.03125 0.1046875
2 0.63203125 0.29453125 0.02421875 0.11015625
2 0.6171875 0.43046875 0.0265625 0.12890625
2 0.6703125 0.3234375 0.02265625 0.10859375
2 0.6859375 0.50859375 0.02734375 0.1296875
2 0.80546875 0.390625 0.0390625 0.12734375
2 0.88828125 0.55 0.0375 0.1703125
2 0.93515625 0.7859375 0.05234375 0.21875
2 0.99296875 0.63203125 0.01328125 0.1828125
3 0.3609375 0.37890625 0.02734375 0.1234375
0 0.37890625 0.5890625 0.01640625 0.02421875