2 0.06796875 0.55625 0.05078125 0.17578125
2 0.115625 0.92578125 0.05234375 0.14765625
2 0.2890625 0.3921875 0.04609375 0.1625
2 0.42578125 0.3671875 0.04296875 0.159375
2 0.525 0.3109375 0.034375 0.09609375
2 0.5515625 0.31328125 0.034375 0.11875
2 0.57421875 0.32109375 0.0453125 0.1296875
2 0.975 0.31953125 0.04296875 0.1390625
2 0.546875 0.753125 0.03515625 0.1828125
2 0.88203125 0.93984375 0.0390625 0.1203125
0 0.50390625 0.3421875 0.01484375 0.028125
3 0.76328125 0.52890625 0.04140625 0.17421875
3 0.52890625 0.1578125 0.04453125 0.10390625