0 0.29921875 0.70234375 0.0171875 0.03515625
2 0.02109375 0.3234375 0.02890625 0.0984375
2 0.259375 0.45546875 0.02734375 0.11328125
2 0.29609375 0.3703125 0.02890625 0.09609375
2 0.4421875 0.4625 0.02890625 0.11015625
2 0.28359375 0.64296875 0.03828125 0.125
2 0.3046875 0.653125 0.0578125 0.10703125
2 0.35234375 0.75078125 0.05 0.15
2 0.50390625 0.696875 0.04375 0.14140625
2 0.56328125 0.3125 0.01953125 0.084375
2 0.62890625 0.2921875 0.02421875 0.08203125
2 0.71796875 0.3390625 0.01796875 0.10234375
2 0.659375 0.42578125 0.0265625 0.10625
2 0.7625 0.478125 0.03046875 0.11015625
2 0.740625 0.64765625 0.04921875 0.14609375
2 0.803125 0.62265625 0.05078125 0.13671875
2 0.8875 0.4609375 0.03203125 0.11875
2 0.9796875 0.46875 0.0359375 0.12109375
3 0.51875 0.4171875 0.02734375 0.1