2 0.30859375 0.32734375 0.03671875 0.1171875
2 0.30078125 0.50859375 0.06640625 0.14765625
2 0.2515625 0.8203125 0.06953125 0.17578125
2 0.4390625 0.2875 0.03125 0.1046875
2 0.5390625 0.2484375 0.03515625 0.08359375
2 0.46796875 0.3609375 0.04453125 0.11640625
2 0.503125 0.3171875 0.06328125 0.053125
2 0.66484375 0.51875 0.06171875 0.14921875
2 0.7125 0.8171875 0.08125 0.196875
2 0.890625 0.4171875 0.0515625 0.1328125
2 0.8546875 0.325 0.03984375 0.1203125
2 0.9 0.27109375 0.021875 0.10625
2 0.8578125 0.24140625 0.0203125 0.07734375
2 0.47421875 0.23515625 0.05546875 0.07578125
3 0.36796875 0.2265625 0.02421875 0.10234375
3 0.71484375 0.38359375 0.04765625 0.1296875
0 0.41796875 0.3359375 0.0203125 0.0328125