0 0.51328125 0.4515625 0.01484375 0.0265625
1 0.76015625 0.3890625 0.0359375 0.1015625
3 0.02109375 0.4078125 0.03828125 0.125
3 0.82890625 0.89296875 0.0578125 0.15625
2 0.159375 0.3765625 0.040625 0.0953125
2 0.13046875 0.55625 0.034375 0.128125
2 0.28203125 0.42890625 0.05 0.1109375
2 0.45 0.4734375 0.03203125 0.1078125
2 0.42890625 0.5625 0.0375 0.1125
2 0.2875 0.83671875 0.0390625 0.1390625
2 0.340625 0.834375 0.0375 0.140625
2 0.465625 0.58671875 0.03359375 0.1109375
2 0.490625 0.5203125 0.0296875 0.1171875
2 0.515625 0.53828125 0.05 0.1234375
2 0.55625 0.5953125 0.040625 0.1078125