2 0.20859375 0.6046875 0.0515625 0.14375
2 0.36328125 0.36875 0.0390625 0.10078125
2 0.3234375 0.51015625 0.03671875 0.0984375
2 0.2953125 0.63359375 0.04296875 0.14609375
2 0.41640625 0.49140625 0.04453125 0.12109375
2 0.4640625 0.65625 0.053125 0.1375
2 0.5125 0.50546875 0.04296875 0.09453125
2 0.4859375 0.4890625 0.02890625 0.084375
2 0.48203125 0.45546875 0.01953125 0.0796875
2 0.6265625 0.296875 0.03515625 0.08828125
2 0.753125 0.446875 0.0390625 0.1234375
2 0.78984375 0.4078125 0.03515625 0.11328125
2 0.8203125 0.43203125 0.0359375 0.10859375
2 0.97890625 0.403125 0.0390625 0.11875
2 0.9734375 0.778125 0.053125 0.1578125
3 0.79296875 0.50859375 0.03515625 0.12265625
3 0.3828125 0.225 0.0328125 0.08828125
3 0.46875 0.5390625 0.0125 0.028125