0 0.359375 0.3703125 0.01875 0.03125
2 0.13046875 0.60703125 0.040625 0.17578125
2 0.88359375 0.7515625 0.04921875 0.19609375
2 0.6953125 0.55078125 0.053125 0.1625
2 0.628125 0.471875 0.05625 0.16015625
2 0.68125 0.42890625 0.04140625 0.1515625
2 0.46484375 0.35703125 0.03359375 0.14375
2 0.4421875 0.27265625 0.03671875 0.10078125
2 0.1609375 0.39609375 0.040625 0.14140625
2 0.02109375 0.36640625 0.028125 0.15625
2 0.2921875 0.32421875 0.034375 0.14375
2 0.3203125 0.340625 0.0390625 0.1203125
2 0.34609375 0.33046875 0.03515625 0.13671875