0 0.39453125 0.45703125 0.01953125 0.028125
3 0.5078125 0.2796875 0.0203125 0.0640625
2 0.03828125 0.575 0.028125 0.1171875
2 0.240625 0.2859375 0.02421875 0.09453125
2 0.26796875 0.27109375 0.0328125 0.08359375
2 0.3546875 0.190625 0.0296875 0.0859375
2 0.44296875 0.17890625 0.0234375 0.08984375
2 0.34375 0.38828125 0.03515625 0.0921875
2 0.37421875 0.3984375 0.03515625 0.1
2 0.4140625 0.390625 0.02890625 0.096875
2 0.48671875 0.4578125 0.03515625 0.10234375
2 0.5390625 0.43515625 0.0375 0.096875
2 0.5046875 0.33515625 0.02578125 0.10234375
2 0.73046875 0.2265625 0.0234375 0.1
2 0.78671875 0.32890625 0.0265625 0.1046875
2 0.80234375 0.31015625 0.02265625 0.10703125
2 0.859375 0.3859375 0.02890625 0.1203125
2 0.90234375 0.5671875 0.034375 0.12109375
2 0.65859375 0.69296875 0.05078125 0.11328125
2 0.5140625 0.87578125 0.0328125 0.13984375