0 0.4046875 0.47578125 0.0125 0.03046875
3 0.56640625 0.4046875 0.02265625 0.084375
3 0.10859375 0.31171875 0.01796875 0.06328125
2 0.01640625 0.45 0.03125 0.1
2 0.16484375 0.51015625 0.0296875 0.10625
2 0.22421875 0.40390625 0.0234375 0.0859375
2 0.20546875 0.61796875 0.03125 0.096875
2 0.2953125 0.46640625 0.02734375 0.09453125
2 0.38984375 0.4171875 0.0328125 0.0796875
2 0.40546875 0.37890625 0.02421875 0.07109375
2 0.48046875 0.35625 0.01875 0.06796875
2 0.65546875 0.3828125 0.02421875 0.0859375
2 0.74140625 0.43671875 0.0265625 0.08828125
2 0.88671875 0.528125 0.028125 0.1109375
2 0.93203125 0.65703125 0.0359375 0.1171875
2 0.778125 0.609375 0.03515625 0.12265625
2 0.68359375 0.77265625 0.0421875 0.1515625
2 0.5 0.646875 0.02890625 0.1296875
2 0.44375 0.54296875 0.021875 0.0984375
2 0.4390625 0.45234375 0.03203125 0.084375
2 0.32421875 0.90859375 0.03828125 0.178125