0 0.4765625 0.44765625 0.01328125 0.02421875
3 0.6578125 0.33984375 0.02890625 0.12109375
2 0.03125 0.3328125 0.03359375 0.13515625
2 0.4140625 0.48203125 0.0390625 0.13359375
2 0.478125 0.41328125 0.03515625 0.12265625
2 0.52421875 0.1859375 0.02578125 0.07578125
2 0.55234375 0.33046875 0.02734375 0.1109375
2 0.57421875 0.26796875 0.04296875 0.10078125
2 0.66015625 0.1890625 0.02109375 0.084375
2 0.6421875 0.38984375 0.03203125 0.1265625
2 0.71171875 0.45390625 0.0359375 0.13984375
2 0.6640625 0.58359375 0.05859375 0.14765625
2 0.6234375 0.6859375 0.059375 0.17890625
2 0.8671875 0.2515625 0.0390625 0.11328125
2 0.90625 0.21484375 0.0265625 0.10859375
2 0.92109375 0.41875 0.0453125 0.0921875
2 0.965625 0.46484375 0.03984375 0.14609375