0 0.471875 0.35546875 0.0203125 0.034375
3 0.10390625 0.34453125 0.0296875 0.10078125
2 0.0234375 0.63828125 0.0375 0.12734375
2 0.05859375 0.2203125 0.03359375 0.0875
2 0.29765625 0.26171875 0.02421875 0.08359375
2 0.50390625 0.45234375 0.03203125 0.11015625
2 0.5203125 0.5140625 0.02734375 0.12109375
2 0.54140625 0.47890625 0.03125 0.10859375
2 0.6078125 0.24140625 0.03125 0.084375
2 0.68515625 0.36875 0.03125 0.09375
2 0.70234375 0.2390625 0.0234375 0.0921875
2 0.75625 0.33359375 0.0234375 0.1046875
2 0.84296875 0.453125 0.04453125 0.10625