2 0.78515625 0.52109375 0.03125 0.13359375
2 0.60546875 0.41640625 0.02109375 0.11015625
2 0.4921875 0.521875 0.02734375 0.1328125
2 0.49296875 0.4078125 0.028125 0.090625
2 0.46015625 0.4140625 0.0453125 0.090625
2 0.41171875 0.4234375 0.02734375 0.1046875
2 0.40078125 0.3765625 0.02890625 0.05390625
2 0.40859375 0.28359375 0.02109375 0.07734375
2 0.36953125 0.2625 0.02265625 0.078125
2 0.54296875 0.35078125 0.028125 0.0984375
2 0.2421875 0.5671875 0.034375 0.14921875
2 0.07734375 0.5546875 0.0375 0.13984375
2 0.10078125 0.18828125 0.03203125 0.07109375
2 0.1578125 0.23984375 0.040625 0.08359375
2 0.21875 0.3296875 0.034375 0.10390625
1 0.71953125 0.2359375 0.02109375 0.07578125
3 0.1171875 0.33984375 0.028125 0.0859375