2 0.71875 0.84296875 0.053125 0.16015625
2 0.809375 0.73046875 0.04140625 0.1625
2 0.8125 0.5125 0.04140625 0.14140625
2 0.728125 0.32265625 0.02265625 0.1296875
2 0.6234375 0.14765625 0.028125 0.09375
2 0.50390625 0.0375 0.0265625 0.075
2 0.5484375 0.1953125 0.0265625 0.0921875
2 0.1796875 0.5234375 0.03984375 0.15546875
2 0.09609375 0.19609375 0.0265625 0.08828125
2 0.35703125 0.4140625 0.0328125 0.14609375
2 0.28984375 0.865625 0.03828125 0.190625
2 0.48046875 0.70703125 0.03828125 0.1265625
2 0.5234375 0.6546875 0.065625 0.12734375
2 0.5296875 0.7453125 0.08203125 0.08203125
3 0.38828125 0.24453125 0.028125 0.10703125
0 0.55625 0.78515625 0.01953125 0.0375