3 0.23515625 0.36953125 0.0296875 0.11328125
0 0.3984375 0.56875 0.01796875 0.02890625
1 0.88984375 0.28125 0.0359375 0.12265625
2 0.02265625 0.33984375 0.03828125 0.103125
2 0.3015625 0.40234375 0.0375 0.11484375
2 0.4671875 0.26875 0.02578125 0.0984375
2 0.4578125 0.234375 0.01484375 0.0703125
2 0.53671875 0.3484375 0.03125 0.11328125
2 0.55625 0.325 0.0296875 0.1109375
2 0.36328125 0.50390625 0.0328125 0.07734375
2 0.3734375 0.528125 0.03046875 0.0765625
2 0.4046875 0.6859375 0.04765625 0.128125
2 0.6484375 0.434375 0.03203125 0.1171875
2 0.50625 0.72421875 0.04765625 0.14453125
2 0.75703125 0.59453125 0.04609375 0.13203125
2 0.878125 0.66328125 0.040625 0.13203125
2 0.97265625 0.746875 0.0390625 0.1421875
2 0.8578125 0.82734375 0.0375 0.14453125
2 0.76015625 0.8734375 0.0484375 0.165625