3 0.86484375 0.58515625 0.0359375 0.1296875
3 0.43984375 0.30078125 0.021875 0.065625
0 0.47734375 0.33046875 0.01171875 0.0265625
2 0.6375 0.6921875 0.0390625 0.14609375
2 0.93671875 0.9390625 0.05234375 0.11640625
2 0.30078125 0.7203125 0.05 0.15546875
2 0.1296875 0.64453125 0.04375 0.1296875
2 0.12734375 0.55078125 0.0265625 0.07421875
2 0.20703125 0.48203125 0.03984375 0.11484375
2 0.45625 0.346875 0.02265625 0.07734375
2 0.653125 0.36015625 0.0390625 0.09609375
2 0.7984375 0.42578125 0.034375 0.10234375
2 0.93203125 0.4125 0.03359375 0.10390625
2 0.87734375 0.46171875 0.0421875 0.1171875
2 0.9140625 0.3234375 0.01953125 0.0734375