0 0.5703125 0.36484375 0.01171875 0.01796875
3 0.10625 0.57109375 0.028125 0.12734375
2 0.9359375 0.725 0.0484375 0.14609375
2 0.48046875 0.78984375 0.04140625 0.14765625
2 0.2171875 0.56484375 0.03359375 0.1328125
2 0.1734375 0.40546875 0.03125 0.1109375
2 0.309375 0.3890625 0.0234375 0.10078125
2 0.29453125 0.55 0.02734375 0.1203125
2 0.52578125 0.34140625 0.0265625 0.08203125
2 0.5484375 0.36328125 0.03515625 0.0453125
2 0.7484375 0.42265625 0.0296875 0.11640625
2 0.84921875 0.48828125 0.03203125 0.10625