0 0.5703125 0.46875 0.01328125 0.02265625
3 0.53046875 0.3796875 0.025 0.09453125
2 0.11875 0.73828125 0.05859375 0.15625
2 0.184375 0.37109375 0.03203125 0.0859375
2 0.48671875 0.4890625 0.03828125 0.09453125
2 0.5046875 0.396875 0.03515625 0.08203125
2 0.53203125 0.49375 0.05546875 0.07109375
2 0.5171875 0.565625 0.03515625 0.1265625
2 0.60546875 0.46015625 0.02734375 0.1125
2 0.7125 0.32421875 0.02890625 0.0734375
2 0.73359375 0.45625 0.02734375 0.10703125
2 0.77109375 0.4484375 0.0265625 0.10859375