0 0.73125 0.628125 0.01953125 0.03125
3 0.2859375 0.49140625 0.02890625 0.0984375
2 0.14765625 0.784375 0.0375 0.14375
2 0.22890625 0.5578125 0.0390625 0.11484375
2 0.396875 0.25 0.02265625 0.0984375
2 0.31171875 0.65390625 0.03125 0.11875
2 0.421875 0.71640625 0.02890625 0.1203125
2 0.43359375 0.78828125 0.06953125 0.04140625
2 0.66171875 0.6109375 0.03359375 0.11328125
2 0.56875 0.25546875 0.03359375 0.1046875
2 0.73046875 0.390625 0.05078125 0.11484375
2 0.7234375 0.4859375 0.0296875 0.08828125
2 0.7671875 0.58359375 0.0265625 0.12890625