0 0.55 0.48359375 0.02109375 0.025
3 0.53125 0.82734375 0.0359375 0.12734375
2 0.21171875 0.775 0.034375 0.1171875
2 0.134375 0.66640625 0.02890625 0.1109375
2 0.2359375 0.43984375 0.021875 0.08203125
2 0.38671875 0.31875 0.01875 0.06953125
2 0.51484375 0.31640625 0.01953125 0.06953125
2 0.39140625 0.45859375 0.0203125 0.08203125
2 0.44921875 0.42421875 0.021875 0.0859375
2 0.49609375 0.559375 0.02734375 0.08828125
2 0.49609375 0.503125 0.025 0.059375
2 0.58984375 0.5546875 0.0328125 0.096875
2 0.6578125 0.590625 0.03046875 0.10703125
2 0.684375 0.36015625 0.015625 0.06796875
2 0.6875 0.309375 0.015625 0.0453125
2 0.846875 0.41953125 0.02265625 0.08828125
2 0.87109375 0.3734375 0.01484375 0.0734375
2 0.953125 0.45234375 0.0203125 0.08359375
2 0.93359375 0.85234375 0.03671875 0.13671875