0 0.51875 0.26484375 0.01171875 0.01875
3 0.35703125 0.390625 0.02421875 0.11484375
2 0.01484375 0.4171875 0.0296875 0.12265625
2 0.0546875 0.35390625 0.028125 0.11015625
2 0.14921875 0.28828125 0.0359375 0.0875
2 0.22265625 0.39140625 0.028125 0.10859375
2 0.5 0.325 0.021875 0.096875
2 0.56015625 0.24921875 0.0140625 0.05703125
2 0.57109375 0.24609375 0.0140625 0.06328125
2 0.63203125 0.4703125 0.03515625 0.125
2 0.68828125 0.35703125 0.025 0.10625
2 0.7828125 0.3140625 0.03515625 0.08984375
2 0.80546875 0.4 0.02734375 0.1171875