2 0.25390625 0.7625 0.07421875 0.11875
2 0.25546875 0.72421875 0.046875 0.096875
2 0.42421875 0.48203125 0.034375 0.13515625
2 0.4 0.42578125 0.03515625 0.1453125
2 0.59609375 0.2890625 0.03046875 0.11328125
2 0.646875 0.35625 0.0296875 0.1265625
2 0.690625 0.25546875 0.028125 0.1125
2 0.75859375 0.2125 0.02265625 0.10625
2 0.81953125 0.15703125 0.028125 0.1046875
2 0.80859375 0.3765625 0.03359375 0.12109375
2 0.978125 0.56484375 0.04296875 0.140625
2 0.69921875 0.7515625 0.046875 0.18828125
3 0.78515625 0.51875 0.0375 0.1515625
0 0.31484375 0.80078125 0.02578125 0.03671875
1 0.18515625 0.19765625 0.0359375 0.1171875