0 0.59921875 0.2875 0.0140625 0.02109375
3 0.46171875 0.44296875 0.0328125 0.11640625
2 0.14375 0.32890625 0.02890625 0.1046875
2 0.18359375 0.42890625 0.025 0.1171875
2 0.1984375 0.41171875 0.02109375 0.12109375
2 0.20703125 0.3125 0.02734375 0.1
2 0.18046875 0.715625 0.04140625 0.15390625
2 0.315625 0.37109375 0.0359375 0.13125
2 0.440625 0.35234375 0.02890625 0.10078125
2 0.5359375 0.35078125 0.0296875 0.1109375
2 0.60546875 0.3359375 0.02421875 0.090625
2 0.62109375 0.4125 0.02109375 0.11328125
2 0.67265625 0.58125 0.040625 0.1171875
2 0.70078125 0.38671875 0.02890625 0.1109375
2 0.740625 0.37890625 0.0296875 0.12109375
2 0.82265625 0.5984375 0.02734375 0.13359375
2 0.90625 0.440625 0.03203125 0.1234375