2 0.75625 0.37109375 0.02734375 0.0984375
2 0.64921875 0.46484375 0.03203125 0.1109375
2 0.62578125 0.453125 0.01953125 0.10078125
2 0.14765625 0.7859375 0.0625 0.1328125
2 0.3046875 0.63828125 0.05078125 0.1328125
2 0.38359375 0.83671875 0.03359375 0.15
2 0.48671875 0.70625 0.03359375 0.12734375
2 0.5796875 0.715625 0.0296875 0.125
2 0.70078125 0.8359375 0.03984375 0.1390625
0 0.1125 0.82578125 0.01796875 0.03515625
1 0.23125 0.3640625 0.034375 0.10703125
3 0.33125 0.26171875 0.03203125 0.10078125
3 0.92265625 0.77734375 0.04453125 0.13984375
3 0.9375 0.17109375 0.02734375 0.071875