0 0.64140625 0.7578125 0.01484375 0.03046875
1 0.49921875 0.25546875 0.0234375 0.08984375
3 0.13984375 0.48046875 0.0390625 0.11484375
2 0.91796875 0.6703125 0.0421875 0.1234375
2 0.72109375 0.66875 0.0390625 0.1328125
2 0.67109375 0.715625 0.03828125 0.10859375
2 0.4953125 0.55390625 0.02734375 0.1265625
2 0.421875 0.58828125 0.02890625 0.10390625
2 0.03515625 0.26640625 0.025 0.08828125
2 0.18828125 0.29140625 0.02578125 0.090625
2 0.2046875 0.2890625 0.01875 0.08359375
2 0.22265625 0.26015625 0.02421875 0.08828125
2 0.240625 0.278125 0.0203125 0.1
2 0.26484375 0.28828125 0.025 0.09453125