2 0.05234375 0.62578125 0.0375 0.15625
2 0.190625 0.52109375 0.0390625 0.1296875
2 0.36953125 0.47890625 0.0359375 0.1171875
2 0.3875 0.46015625 0.03203125 0.084375
2 0.390625 0.5453125 0.0328125 0.13203125
2 0.5625 0.45 0.03046875 0.11796875
2 0.696875 0.44765625 0.0546875 0.065625
2 0.3953125 0.83203125 0.06328125 0.1875
2 0.88125 0.67265625 0.04765625 0.15625
2 0.7609375 0.8625 0.0515625 0.18203125
3 0.565625 0.66328125 0.0390625 0.178125
3 0.1875 0.43203125 0.03515625 0.103125
0 0.35859375 0.49375 0.015625 0.02421875