3 0.2546875 0.55546875 0.03125 0.1109375
3 0.09765625 0.309375 0.01796875 0.04765625
0 0.37578125 0.621875 0.01484375 0.0265625
2 0.01484375 0.50078125 0.02890625 0.11484375
2 0.10234375 0.76171875 0.0328125 0.153125
2 0.33515625 0.59609375 0.02734375 0.08359375
2 0.35 0.64296875 0.05078125 0.1203125
2 0.4 0.70234375 0.03515625 0.13671875
2 0.58046875 0.82421875 0.04921875 0.165625
2 0.4875 0.44296875 0.0234375 0.078125
2 0.65078125 0.41015625 0.02421875 0.08359375
2 0.7296875 0.4984375 0.0296875 0.0984375