0 0.64453125 0.55625 0.01328125 0.0265625
3 0.52734375 0.62421875 0.04375 0.125
3 0.39375 0.29921875 0.0203125 0.08046875
2 0.2296875 0.4421875 0.02734375 0.11640625
2 0.26015625 0.5390625 0.0171875 0.10625
2 0.2578125 0.475 0.0234375 0.04765625
2 0.3203125 0.48515625 0.03671875 0.10625
2 0.3625 0.38828125 0.021875 0.08984375
2 0.49765625 0.3390625 0.01875 0.08203125
2 0.4328125 0.48515625 0.03359375 0.11015625
2 0.4921875 0.56953125 0.03828125 0.08828125
2 0.540625 0.45859375 0.02578125 0.09609375
2 0.559375 0.55546875 0.025 0.10859375
2 0.63046875 0.51796875 0.02109375 0.07734375
2 0.6515625 0.5171875 0.03203125 0.07421875
2 0.64453125 0.43359375 0.02734375 0.084375
2 0.73515625 0.51171875 0.03359375 0.1046875
2 0.80859375 0.4796875 0.03359375 0.10859375
2 0.8578125 0.653125 0.03515625 0.1109375
2 0.9828125 0.41640625 0.0265625 0.10390625