3 0.25625 0.409375 0.02734375 0.10859375
0 0.3671875 0.63359375 0.01796875 0.028125
2 0.33046875 0.740625 0.059375 0.13515625
2 0.23828125 0.69375 0.05859375 0.15
2 0.32890625 0.55859375 0.02421875 0.10234375
2 0.35078125 0.5640625 0.02421875 0.10859375
2 0.10078125 0.471875 0.04296875 0.1234375
2 0.159375 0.4578125 0.03359375 0.10234375
2 0.09921875 0.30078125 0.025 0.0984375
2 0.21328125 0.36640625 0.02578125 0.10078125
2 0.2734375 0.221875 0.01484375 0.096875
2 0.2640625 0.16640625 0.0265625 0.08046875
2 0.38671875 0.13359375 0.02578125 0.0453125
2 0.2875 0.39296875 0.0390625 0.1125
2 0.46796875 0.32421875 0.03046875 0.1
2 0.61328125 0.05546875 0.01953125 0.065625
2 0.5125 0.42421875 0.03125 0.090625
2 0.66171875 0.2640625 0.028125 0.0984375
2 0.7125 0.325 0.0453125 0.0921875
2 0.7515625 0.3796875 0.04375 0.1
2 0.87734375 0.23984375 0.03828125 0.08359375