0 0.74140625 0.3984375 0.01953125 0.03125
3 0.46328125 0.43359375 0.0203125 0.084375
3 0.1953125 0.19296875 0.025 0.06796875
2 0.14609375 0.37109375 0.0234375 0.08046875
2 0.14140625 0.44375 0.02890625 0.08203125
2 0.11484375 0.51640625 0.0296875 0.0859375
2 0.30234375 0.29296875 0.0203125 0.07109375
2 0.24765625 0.4203125 0.025 0.078125
2 0.31328125 0.44609375 0.0234375 0.08203125
2 0.3515625 0.37109375 0.0265625 0.07578125
2 0.40234375 0.29921875 0.01953125 0.0734375
2 0.4078125 0.39375 0.02421875 0.07578125
2 0.51328125 0.41953125 0.03125 0.08203125
2 0.559375 0.4609375 0.01796875 0.08359375
2 0.675 0.61796875 0.0296875 0.0921875
2 0.715625 0.45859375 0.0296875 0.08984375
2 0.78671875 0.3203125 0.02734375 0.05703125
2 0.8140625 0.3296875 0.02109375 0.07578125
2 0.7640625 0.45546875 0.01953125 0.0875
2 0.77890625 0.478125 0.02734375 0.09453125
2 0.78125 0.5765625 0.03671875 0.08984375
2 0.8890625 0.42890625 0.02265625 0.0859375