3 0.6765625 0.53359375 0.03515625 0.1171875
3 0.65078125 0.37265625 0.01875 0.08046875
3 0.13828125 0.39765625 0.01953125 0.08828125
0 0.66484375 0.45625 0.01484375 0.02109375
2 0.11484375 0.5578125 0.03359375 0.12890625
2 0.15 0.58359375 0.0390625 0.1265625
2 0.25390625 0.50859375 0.0296875 0.1234375
2 0.346875 0.503125 0.0359375 0.11015625
2 0.38984375 0.52109375 0.03359375 0.10390625
2 0.46875 0.534375 0.0359375 0.10390625
2 0.4578125 0.49375 0.015625 0.11328125
2 0.47890625 0.4390625 0.02890625 0.096875
2 0.51171875 0.48671875 0.0265625 0.10703125
2 0.59140625 0.39921875 0.02890625 0.078125
2 0.646875 0.45390625 0.03515625 0.0796875
2 0.68359375 0.43203125 0.03515625 0.0734375
2 0.7 0.42421875 0.0328125 0.07578125