0 0.428125 0.8140625 0.015625 0.034375
3 0.18515625 0.225 0.0328125 0.0984375
2 0.121875 0.67421875 0.04296875 0.1390625
2 0.25859375 0.50390625 0.05859375 0.1390625
2 0.4234375 0.4859375 0.04375 0.13359375
2 0.30859375 0.20703125 0.02734375 0.11640625
2 0.0140625 0.16953125 0.02734375 0.10390625
2 0.35859375 0.06796875 0.025 0.09375
2 0.35859375 0.1921875 0.03515625 0.11015625
2 0.5140625 0.12890625 0.03046875 0.09609375
2 0.5921875 0.23671875 0.03671875 0.11484375
2 0.6453125 0.225 0.028125 0.1171875
2 0.76875 0.328125 0.02890625 0.1265625
2 0.48984375 0.7515625 0.06796875 0.11328125
2 0.53203125 0.7546875 0.06015625 0.14765625
2 0.90234375 0.5625 0.0375 0.1328125
2 0.984375 0.53515625 0.03046875 0.13671875