1 0.74453125 0.50078125 0.03125 0.090625
0 0.6859375 0.434375 0.01484375 0.0234375
3 0.08515625 0.35625 0.02734375 0.11953125
2 0.0296875 0.62265625 0.02421875 0.134375
2 0.0515625 0.590625 0.025 0.1375
2 0.0640625 0.559375 0.028125 0.1390625
2 0.10234375 0.50234375 0.02265625 0.12734375
2 0.096875 0.3828125 0.03359375 0.11328125
2 0.128125 0.51171875 0.040625 0.1296875
2 0.19609375 0.48984375 0.05078125 0.1109375
2 0.1703125 0.7 0.03828125 0.1171875
2 0.0828125 0.91953125 0.04296875 0.14453125
2 0.31640625 0.7671875 0.03671875 0.1484375
2 0.3265625 0.65859375 0.0296875 0.071875
2 0.45234375 0.6953125 0.03359375 0.1296875
2 0.496875 0.72421875 0.0375 0.1390625
2 0.5296875 0.5453125 0.04140625 0.1203125