1 0.771875 0.434375 0.0640625 0.090625
2 0.68203125 0.4578125 0.0359375 0.125
2 0.6203125 0.51015625 0.03671875 0.07109375
2 0.58359375 0.5015625 0.0390625 0.12890625
2 0.56875 0.43125 0.0203125 0.046875
2 0.60234375 0.44765625 0.02265625 0.05703125
2 0.54140625 0.7625 0.04296875 0.14375
2 0.38515625 0.79140625 0.05078125 0.16015625
2 0.5015625 0.41640625 0.028125 0.14609375
2 0.47265625 0.40859375 0.025 0.125
2 0.4515625 0.4046875 0.02578125 0.12734375
2 0.40703125 0.38671875 0.03515625 0.1296875
2 0.2875 0.384375 0.0265625 0.12265625
2 0.26875 0.33046875 0.0328125 0.12890625
2 0.03125 0.4234375 0.028125 0.1328125
2 0.06953125 0.6890625 0.0328125 0.15625
2 0.30078125 0.59296875 0.034375 0.15