1 0.271875 0.52578125 0.0421875 0.059375
3 0.6859375 0.33125 0.02890625 0.09375
3 0.3203125 0.6671875 0.034375 0.16796875
2 0.52109375 0.6484375 0.03203125 0.13984375
2 0.57578125 0.53671875 0.034375 0.09609375
2 0.65703125 0.65 0.03671875 0.15859375
2 0.68125 0.62109375 0.0296875 0.12421875
2 0.703125 0.64140625 0.03046875 0.1515625
2 0.8359375 0.490625 0.0609375 0.11328125
2 0.8859375 0.52265625 0.0453125 0.11484375
2 0.88203125 0.434375 0.0234375 0.075
2 0.9515625 0.4828125 0.0375 0.125
2 0.9765625 0.50546875 0.0171875 0.12734375
2 0.9828125 0.634375 0.0296875 0.15078125