3 0.16171875 0.5875 0.0375 0.16171875
1 0.6875 0.47890625 0.0578125 0.06796875
2 0.15390625 0.43984375 0.034375 0.12734375
2 0.18515625 0.50859375 0.03515625 0.16171875
2 0.29140625 0.51171875 0.0359375 0.12734375
2 0.37890625 0.4765625 0.03671875 0.1375
2 0.471875 0.48125 0.03671875 0.13671875
2 0.51171875 0.459375 0.046875 0.13125
2 0.56171875 0.46953125 0.02578125 0.14140625
2 0.56953125 0.4984375 0.0625 0.06953125
2 0.65546875 0.52109375 0.0328125 0.13515625
2 0.828125 0.48125 0.0421875 0.1234375
0 0.74921875 0.46640625 0.015625 0.02421875