2 0.60546875 0.43671875 0.0296875 0.14609375
2 0.58203125 0.4296875 0.02734375 0.14375
2 0.55390625 0.45625 0.01875 0.15703125
2 0.54140625 0.45390625 0.01328125 0.15546875
2 0.51953125 0.44296875 0.02578125 0.15859375
2 0.490625 0.4265625 0.02578125 0.1421875
2 0.46015625 0.39375 0.0328125 0.1515625
2 0.3765625 0.37890625 0.05078125 0.12578125
2 0.325 0.37734375 0.02734375 0.13671875
2 0.51484375 0.35234375 0.02734375 0.05234375
2 0.19375 0.5078125 0.03125 0.153125
2 0.053125 0.5125 0.02890625 0.1640625
1 0.72109375 0.38984375 0.05234375 0.0765625
3 0.9703125 0.46796875 0.0484375 0.14140625
0 0.7953125 0.38046875 0.01796875 0.03046875