2 0.8828125 0.6796875 0.0515625 0.17578125
2 0.546875 0.6 0.05234375 0.1375
2 0.49609375 0.5625 0.03515625 0.15546875
2 0.48828125 0.44765625 0.06484375 0.1046875
2 0.39375 0.56328125 0.034375 0.14375
2 0.415625 0.5078125 0.02421875 0.13671875
2 0.36953125 0.54453125 0.028125 0.159375
2 0.2265625 0.6109375 0.0375 0.17890625
2 0.16875 0.45 0.03046875 0.1328125
2 0.15 0.4484375 0.05 0.10078125
2 0.12109375 0.41875 0.05859375 0.12265625
2 0.06484375 0.48515625 0.05 0.13984375
2 0.04765625 0.40234375 0.0359375 0.12734375
3 0.05390625 0.3375 0.0265625 0.06953125
1 0.66875 0.44609375 0.05390625 0.0609375