3 0.51953125 0.54765625 0.03671875 0.125
2 0.1296875 0.49296875 0.02734375 0.10703125
2 0.13203125 0.6125 0.04765625 0.1265625
2 0.22578125 0.46171875 0.0234375 0.1125
2 0.190625 0.67578125 0.053125 0.1578125
2 0.31328125 0.52109375 0.04296875 0.11875
2 0.4015625 0.440625 0.02109375 0.10859375
2 0.41796875 0.440625 0.0265625 0.11640625
2 0.43359375 0.434375 0.025 0.10390625
2 0.453125 0.43046875 0.025 0.10390625
2 0.5171875 0.4609375 0.05 0.0453125
2 0.5375 0.39921875 0.01875 0.08046875
2 0.521875 0.403125 0.01875 0.07734375
2 0.7140625 0.49453125 0.03203125 0.11484375
2 0.8265625 0.4625 0.028125 0.096875
2 0.7984375 0.59375 0.0375 0.13984375
2 0.86953125 0.45859375 0.02890625 0.10625