0 0.54140625 0.54453125 0.01328125 0.0265625
1 0.48046875 0.5375 0.0640625 0.090625
3 0.7859375 0.73125 0.0484375 0.14609375
2 0.484375 0.58125 0.03046875 0.1125
2 0.50234375 0.5796875 0.02265625 0.1109375
2 0.55703125 0.56640625 0.0265625 0.11015625
2 0.6 0.57109375 0.0265625 0.04765625
2 0.609375 0.53828125 0.040625 0.05703125
2 0.640625 0.5015625 0.03515625 0.08828125
2 0.61796875 0.49765625 0.02109375 0.0734375
2 0.671875 0.67734375 0.05078125 0.1375
2 0.6109375 0.6203125 0.0390625 0.06171875
2 0.74921875 0.58125 0.03671875 0.1203125
2 0.80859375 0.5671875 0.0421875 0.1265625
2 0.73984375 0.7109375 0.034375 0.14140625