1 0.75625 0.45 0.05859375 0.10703125
0 0.8203125 0.44765625 0.0140625 0.02421875
3 0.10546875 0.4375 0.025 0.12734375
2 0.309375 0.1390625 0.02109375 0.090625
2 0.2359375 0.50859375 0.04609375 0.1203125
2 0.08203125 0.52890625 0.04140625 0.13125
2 0.321875 0.71796875 0.028125 0.1375
2 0.5 0.71328125 0.03359375 0.14921875
2 0.3515625 0.321875 0.02265625 0.11640625
2 0.4640625 0.36640625 0.0390625 0.10703125
2 0.50390625 0.39609375 0.05078125 0.09609375
2 0.55625 0.40625 0.0265625 0.1203125
2 0.5953125 0.42578125 0.03515625 0.1171875
2 0.61796875 0.51171875 0.034375 0.11328125
2 0.640625 0.471875 0.028125 0.12734375
2 0.65234375 0.5734375 0.04609375 0.13671875
2 0.69609375 0.58515625 0.05078125 0.12734375
2 0.7265625 0.50703125 0.0359375 0.1296875
2 0.76796875 0.5296875 0.03515625 0.12734375