1 0.72421875 0.5015625 0.06015625 0.0734375
2 0.65390625 0.54140625 0.0265625 0.1203125
2 0.57421875 0.58671875 0.04140625 0.0640625
2 0.50390625 0.42734375 0.0265625 0.09453125
2 0.46875 0.49609375 0.0359375 0.1109375
2 0.50859375 0.73515625 0.0265625 0.125
2 0.57578125 0.8734375 0.03359375 0.14296875
2 0.4109375 0.56953125 0.0359375 0.1109375
2 0.34765625 0.62578125 0.03671875 0.12265625
2 0.31484375 0.94296875 0.03671875 0.11328125
2 0.18828125 0.88984375 0.03671875 0.13984375
2 0.0109375 0.525 0.02109375 0.1125