2 0.19609375 0.57109375 0.0375 0.165625
1 0.44453125 0.56796875 0.0390625 0.12734375
2 0.4578125 0.57578125 0.0578125 0.1796875
2 0.50546875 0.60625 0.04921875 0.06953125
2 0.53671875 0.58828125 0.04140625 0.1875
2 0.6015625 0.68203125 0.059375 0.19921875
2 0.7640625 0.51484375 0.05 0.1828125
2 0.82578125 0.56640625 0.040625 0.17734375
2 0.81171875 0.7078125 0.0421875 0.20234375
2 0.9 0.59375 0.04140625 0.1734375
2 0.9046875 0.54453125 0.0640625 0.18203125
2 0.953125 0.50703125 0.0375 0.1734375
3 0.78046875 0.41796875 0.053125 0.10390625
3 0.88515625 0.76328125 0.05078125 0.20234375
2 0.2578125 0.57890625 0.07109375 0.0859375
0 0.14140625 0.48125 0.0171875 0.02890625