0 0.21640625 0.45078125 0.0203125 0.028125
3 0.3953125 0.2875 0.03125 0.0859375
3 0.7203125 0.6953125 0.02890625 0.12734375
3 0.98828125 0.08203125 0.0171875 0.08828125
1 0.3890625 0.4703125 0.0625 0.0671875
2 0.371875 0.62734375 0.0328125 0.11875
2 0.48125 0.56015625 0.03515625 0.11015625
2 0.50625 0.53984375 0.02265625 0.1125
2 0.53203125 0.50078125 0.03203125 0.1203125
2 0.65078125 0.42890625 0.03828125 0.11484375
2 0.609375 0.596875 0.03515625 0.12109375
2 0.67734375 0.53671875 0.02578125 0.12109375
2 0.80625 0.35859375 0.02421875 0.10625