1 0.5828125 0.45625 0.03046875 0.09609375
3 0.1265625 0.77734375 0.03515625 0.1703125
2 0.2140625 0.703125 0.040625 0.15390625
2 0.25625 0.49453125 0.0296875 0.1390625
2 0.359375 0.565625 0.03046875 0.1375
2 0.4203125 0.46796875 0.03125 0.13515625
2 0.4703125 0.4453125 0.03828125 0.08203125
2 0.49296875 0.4734375 0.028125 0.06484375
2 0.5078125 0.6375 0.03515625 0.13046875
2 0.5328125 0.70859375 0.0328125 0.159375
2 0.79296875 0.60859375 0.034375 0.1390625
2 0.98203125 0.67265625 0.0328125 0.13515625