3 0.23046875 0.7234375 0.03671875 0.12890625
2 0.1484375 0.60546875 0.03203125 0.1171875
2 0.20859375 0.88359375 0.03359375 0.15625
2 0.2890625 0.6828125 0.02734375 0.11484375
2 0.33828125 0.62734375 0.0375 0.10078125
2 0.40546875 0.90625 0.04609375 0.1625
2 0.41796875 0.66328125 0.0359375 0.1171875
2 0.4859375 0.67265625 0.04375 0.08046875
2 0.52421875 0.73515625 0.034375 0.13359375
2 0.59609375 0.69921875 0.02890625 0.12890625
2 0.628125 0.83125 0.03515625 0.14765625
1 0.71640625 0.63515625 0.028125 0.09609375