1 0.4359375 0.4203125 0.05 0.1015625
0 0.35390625 0.3640625 0.021875 0.021875
3 0.7640625 0.68515625 0.0546875 0.159375
2 0.253125 0.54140625 0.04296875 0.1390625
2 0.27265625 0.59296875 0.05234375 0.1296875
2 0.45703125 0.54140625 0.040625 0.14140625
2 0.284375 0.73984375 0.03828125 0.1609375
2 0.51171875 0.48984375 0.05703125 0.04765625
2 0.5421875 0.53671875 0.0375 0.134375
2 0.70078125 0.3875 0.0328125 0.1375
2 0.7453125 0.53359375 0.02890625 0.14140625
2 0.76328125 0.55859375 0.0328125 0.09609375
2 0.3609375 0.94296875 0.034375 0.1140625
2 0.83515625 0.96484375 0.0671875 0.0703125