0 0.73046875 0.521875 0.01875 0.02421875
1 0.62265625 0.528125 0.0359375 0.10078125
2 0.60078125 0.5453125 0.028125 0.07578125
2 0.565625 0.5765625 0.02734375 0.1125
2 0.7265625 0.8328125 0.04140625 0.153125
2 0.51015625 0.54765625 0.04140625 0.1171875
2 0.33125 0.51796875 0.0328125 0.0984375
2 0.31953125 0.49609375 0.02890625 0.10078125
2 0.421875 0.67109375 0.03046875 0.14296875
2 0.19609375 0.85 0.02578125 0.14296875
2 0.04453125 0.66953125 0.03515625 0.12734375
3 0.18125 0.69140625 0.0359375 0.125