0 0.5921875 0.36484375 0.0171875 0.02109375
1 0.553125 0.44453125 0.040625 0.11328125
2 0.50390625 0.53828125 0.0296875 0.1203125
2 0.46328125 0.446875 0.0328125 0.0578125
2 0.45 0.4078125 0.0296875 0.06328125
2 0.40234375 0.43359375 0.03203125 0.0984375
2 0.21015625 0.6078125 0.040625 0.115625
2 0.08203125 0.521875 0.05703125 0.12265625
2 0.11640625 0.74453125 0.03984375 0.146875
2 0.26015625 0.784375 0.05078125 0.1375
2 0.071875 0.32578125 0.0265625 0.09140625
2 0.03515625 0.309375 0.02421875 0.08671875