0 0.35703125 0.34609375 0.01484375 0.025
1 0.3671875 0.475 0.04765625 0.07578125
2 0.4078125 0.44453125 0.0296875 0.13359375
2 0.41015625 0.56796875 0.03125 0.13671875
2 0.45546875 0.48203125 0.03125 0.13515625
2 0.5171875 0.47734375 0.03203125 0.13125
2 0.5203125 0.36953125 0.0265625 0.1125
2 0.78515625 0.5890625 0.0375 0.15546875
2 0.8234375 0.50078125 0.0296875 0.15
2 0.7328125 0.471875 0.02734375 0.14609375
2 0.696875 0.44375 0.03515625 0.1125
2 0.68828125 0.4703125 0.028125 0.0875
2 0.68828125 0.5671875 0.03125 0.15625
2 0.715625 0.63125 0.0546875 0.14375
3 0.75390625 0.81015625 0.0453125 0.1578125
3 0.9859375 0.03671875 0.02734375 0.0734375