2 0.8671875 0.42578125 0.05078125 0.1265625
2 0.96484375 0.37890625 0.03671875 0.11875
2 0.778125 0.5046875 0.028125 0.14609375
2 0.7125 0.60390625 0.03828125 0.16015625
2 0.62890625 0.8140625 0.05546875 0.1890625
2 0.48828125 0.80078125 0.03828125 0.18046875
2 0.26953125 0.5734375 0.04296875 0.1640625
2 0.3390625 0.3890625 0.03046875 0.11328125
2 0.603125 0.378125 0.021875 0.11484375
2 0.55 0.44453125 0.025 0.1234375
2 0.5265625 0.37109375 0.02421875 0.08828125
2 0.50390625 0.38515625 0.02421875 0.1234375
2 0.415625 0.36015625 0.040625 0.1125
2 0.3984375 0.340625 0.025 0.10703125
1 0.4484375 0.353125 0.04765625 0.059375
3 0.54609375 0.56328125 0.0421875 0.16171875