0 0.6796875 0.37421875 0.01328125 0.02421875
1 0.640625 0.36171875 0.05078125 0.04921875
3 0.85859375 0.40625 0.0375 0.10234375
2 0.546875 0.67578125 0.040625 0.14375
2 0.3296875 0.8734375 0.06640625 0.1890625
2 0.34453125 0.5734375 0.02734375 0.13125
2 0.37890625 0.45546875 0.02734375 0.11875
2 0.28984375 0.4859375 0.0234375 0.1265625
2 0.21796875 0.45625 0.0265625 0.1203125
2 0.21484375 0.34765625 0.0234375 0.1
2 0.0890625 0.596875 0.03359375 0.14609375
2 0.053125 0.534375 0.02421875 0.12265625
2 0.03125 0.4953125 0.03125 0.12265625
2 0.03671875 0.67578125 0.03828125 0.153125