1 0.62265625 0.46953125 0.05 0.0890625
0 0.66875 0.390625 0.01171875 0.01953125
3 0.815625 0.55234375 0.034375 0.09296875
3 0.03359375 0.3953125 0.02890625 0.10546875
2 0.0890625 0.68359375 0.025 0.12578125
2 0.09296875 0.56484375 0.0234375 0.11796875
2 0.16015625 0.509375 0.02578125 0.125
2 0.29453125 0.35234375 0.02109375 0.103125
2 0.25859375 0.45390625 0.0265625 0.11484375
2 0.36796875 0.48515625 0.02890625 0.10625
2 0.384375 0.44296875 0.02265625 0.09921875
2 0.4625 0.396875 0.021875 0.1015625
2 0.4140625 0.48515625 0.02265625 0.10625
2 0.4125 0.66328125 0.03359375 0.1109375
2 0.453125 0.56171875 0.0265625 0.12265625
2 0.51328125 0.559375 0.0390625 0.07734375
2 0.5515625 0.48203125 0.021875 0.103125
2 0.615625 0.59296875 0.03515625 0.12421875
2 0.5609375 0.41953125 0.028125 0.08203125