2 0.740625 0.77265625 0.04140625 0.1640625
2 0.49609375 0.63984375 0.0375 0.12890625
2 0.38203125 0.82421875 0.03515625 0.1640625
2 0.34453125 0.72890625 0.03515625 0.13125
2 0.22890625 0.53515625 0.02734375 0.12109375
2 0.22890625 0.4328125 0.02734375 0.10859375
2 0.4203125 0.37734375 0.03046875 0.090625
2 0.4453125 0.39609375 0.0375 0.046875
2 0.48515625 0.409375 0.028125 0.04921875
2 0.5078125 0.43515625 0.0234375 0.10703125
2 0.54921875 0.425 0.04609375 0.0671875
1 0.55703125 0.38125 0.03203125 0.06328125
3 0.01171875 0.54609375 0.0234375 0.13046875