3 0.9640625 0.5234375 0.0515625 0.14296875
1 0.4359375 0.46015625 0.03671875 0.08984375
2 0.95234375 0.76484375 0.053125 0.1890625
2 0.79765625 0.8375 0.04296875 0.18046875
2 0.6421875 0.88125 0.06328125 0.2125
2 0.82265625 0.959375 0.03359375 0.08046875
2 0.58515625 0.58984375 0.05234375 0.15390625
2 0.53671875 0.53515625 0.0359375 0.14375
2 0.48359375 0.50859375 0.0359375 0.15
2 0.46328125 0.5 0.025 0.14921875
2 0.31953125 0.721875 0.04296875 0.17890625
2 0.16640625 0.53515625 0.0453125 0.15625
2 0.29375 0.3953125 0.0421875 0.10390625
2 0.33359375 0.403125 0.03203125 0.07734375
2 0.33203125 0.496875 0.03515625 0.1328125
2 0.3640625 0.63203125 0.03984375 0.153125
2 0.359375 0.5 0.03203125 0.10625
2 0.3828125 0.46328125 0.03046875 0.13359375
2 0.42421875 0.4203125 0.03671875 0.10390625
2 0.37890625 0.38828125 0.02109375 0.034375