1 0.2734375 0.428125 0.07421875 0.078125
3 0.44609375 0.59609375 0.04765625 0.18203125
3 0.46640625 0.22890625 0.03515625 0.1375
2 0.2859375 0.6953125 0.04453125 0.190625
2 0.59375 0.5640625 0.040625 0.16015625
2 0.6453125 0.490625 0.034375 0.1328125
2 0.67421875 0.4984375 0.028125 0.15625
2 0.703125 0.54296875 0.053125 0.16953125
2 0.709375 0.4015625 0.03671875 0.1390625
2 0.8296875 0.36328125 0.04375 0.13359375
2 0.95 0.346875 0.06171875 0.13984375
2 0.97734375 0.33203125 0.0359375 0.15390625
2 0.990625 0.30234375 0.01796875 0.140625
2 0.95390625 0.53984375 0.03671875 0.16796875