0 0.64453125 0.8671875 0.0140625 0.028125
1 0.09453125 0.26640625 0.01953125 0.07109375
3 0.54296875 0.57421875 0.02734375 0.09453125
3 0.56171875 0.1359375 0.015625 0.0390625
2 0.890625 0.23203125 0.015625 0.05390625
2 0.83984375 0.33828125 0.02265625 0.0734375
2 0.89609375 0.52265625 0.02421875 0.090625
2 0.67265625 0.8359375 0.02890625 0.11640625
2 0.55625 0.825 0.0234375 0.1125
2 0.62109375 0.70390625 0.0234375 0.10234375
2 0.52578125 0.69140625 0.025 0.1046875
2 0.46015625 0.61953125 0.03515625 0.07734375
2 0.49140625 0.5609375 0.0359375 0.08046875
2 0.359375 0.45546875 0.02109375 0.08984375
2 0.259375 0.4625 0.02734375 0.0734375
2 0.3046875 0.403125 0.0234375 0.0875
2 0.33984375 0.38515625 0.01640625 0.07578125
2 0.34375 0.340625 0.015625 0.0515625
2 0.44765625 0.28125 0.01875 0.0640625
2 0.4921875 0.3921875 0.0125 0.08203125
2 0.60546875 0.4078125 0.01953125 0.0609375
2 0.62890625 0.25 0.015625 0.06328125