0 0.553125 0.57890625 0.0109375 0.02421875
3 0.02734375 0.628125 0.0390625 0.1328125
3 0.10546875 0.12421875 0.0234375 0.06171875
2 0.17578125 0.58046875 0.0234375 0.12734375
2 0.19296875 0.45859375 0.02265625 0.10703125
2 0.22265625 0.38203125 0.01953125 0.08984375
2 0.28671875 0.25859375 0.02109375 0.078125
2 0.3078125 0.35625 0.02109375 0.0984375
2 0.42265625 0.5015625 0.021875 0.10859375
2 0.54921875 0.215625 0.021875 0.084375
2 0.56953125 0.5046875 0.0234375 0.10390625
2 0.61796875 0.4078125 0.01953125 0.10859375
2 0.76640625 0.4078125 0.02734375 0.1109375
2 0.5609375 0.76875 0.034375 0.14921875
2 0.878125 0.78671875 0.04296875 0.16171875