1 0.23671875 0.2640625 0.02734375 0.10390625
0 0.55078125 0.82421875 0.021875 0.03125
2 0.45625 0.8109375 0.04375 0.15546875
2 0.51875 0.815625 0.03046875 0.17890625
2 0.3328125 0.65625 0.02578125 0.15
2 0.3578125 0.5609375 0.0375 0.1390625
2 0.43984375 0.428125 0.02734375 0.11640625
2 0.521875 0.31171875 0.02734375 0.09609375
2 0.5546875 0.3015625 0.021875 0.0984375
2 0.6296875 0.2765625 0.025 0.08828125
2 0.64453125 0.32421875 0.028125 0.10859375
2 0.66015625 0.26171875 0.01953125 0.10234375
2 0.70234375 0.26953125 0.01328125 0.1
2 0.71640625 0.30234375 0.02734375 0.1
2 0.73515625 0.30078125 0.01796875 0.11015625
3 0.7765625 0.54140625 0.0203125 0.1390625
2 0.79765625 0.5515625 0.028125 0.12109375
3 0.92734375 0.11328125 0.02421875 0.0671875