0 0.725 0.2625 0.01328125 0.025
3 0.4328125 0.36328125 0.021875 0.090625
2 0.07890625 0.49765625 0.04296875 0.0984375
2 0.09375 0.55859375 0.0375 0.084375
2 0.15234375 0.4390625 0.0328125 0.090625
2 0.3015625 0.22109375 0.01953125 0.0734375
2 0.35390625 0.1953125 0.01328125 0.071875
2 0.46328125 0.32421875 0.02890625 0.07421875
2 0.56796875 0.2515625 0.0265625 0.07109375
2 0.65078125 0.1921875 0.02578125 0.06171875
2 0.56484375 0.60078125 0.04453125 0.09375
2 0.73203125 0.91015625 0.04921875 0.13359375
2 0.60625 0.365625 0.02265625 0.08203125
2 0.6265625 0.37265625 0.01640625 0.0984375
2 0.66328125 0.309375 0.01875 0.08046875
2 0.828125 0.29921875 0.02265625 0.08046875
2 0.9078125 0.2421875 0.02265625 0.0859375
2 0.875 0.42578125 0.02578125 0.09609375
2 0.928125 0.365625 0.025 0.1