0 0.7765625 0.525 0.0140625 0.0265625
3 0.2625 0.8828125 0.03203125 0.14921875
3 0.009375 0.24921875 0.01875 0.0875
2 0.015625 0.3625 0.025 0.09609375
2 0.11171875 0.29140625 0.02578125 0.0859375
2 0.18984375 0.48671875 0.02734375 0.1046875
2 0.25 0.471875 0.02578125 0.10625
2 0.36484375 0.38984375 0.021875 0.09453125
2 0.48203125 0.284375 0.021875 0.07734375
2 0.46953125 0.68203125 0.02578125 0.11875
2 0.603125 0.48828125 0.021875 0.0984375
2 0.603125 0.7125 0.02734375 0.125
2 0.72578125 0.48515625 0.03046875 0.096875
2 0.96484375 0.4734375 0.025 0.1109375
2 0.79296875 0.88359375 0.04296875 0.15