0 0.3203125 0.659375 0.01953125 0.04296875
2 0.1265625 0.36328125 0.0265625 0.090625
2 0.23046875 0.50078125 0.028125 0.12265625
2 0.27734375 0.33203125 0.02109375 0.08828125
2 0.34375 0.4109375 0.02734375 0.1
2 0.3625 0.5625 0.0234375 0.11484375
2 0.3890625 0.5109375 0.028125 0.1203125
2 0.4328125 0.3078125 0.01953125 0.08359375
2 0.46796875 0.31640625 0.02734375 0.0796875
2 0.528125 0.33515625 0.03515625 0.07734375
2 0.546875 0.34921875 0.0265625 0.07421875
2 0.58671875 0.36484375 0.0359375 0.08828125
2 0.6015625 0.63671875 0.03359375 0.14375
2 0.6546875 0.4140625 0.01796875 0.0859375
2 0.6625 0.44140625 0.028125 0.1046875
2 0.7625 0.48515625 0.015625 0.11328125
3 0.97265625 0.30078125 0.01953125 0.090625
2 0.2671875 0.80703125 0.06484375 0.14609375
3 0.3578125 0.309375 0.0203125 0.08359375