3 0.35078125 0.225 0.01953125 0.071875
3 0.77734375 0.178125 0.02265625 0.06796875
3 0.38828125 0.47578125 0.02578125 0.10625
1 0.19765625 0.3390625 0.03203125 0.084375
0 0.83359375 0.68671875 0.0140625 0.028125
2 0.81015625 0.65390625 0.03671875 0.11328125
2 0.3125 0.465625 0.02109375 0.10234375
2 0.334375 0.45234375 0.0265625 0.08984375
2 0.44375 0.39609375 0.0296875 0.08359375
2 0.4703125 0.37734375 0.025 0.08828125
2 0.50625 0.371875 0.03515625 0.08203125
2 0.53671875 0.425 0.02578125 0.096875
2 0.55390625 0.340625 0.0359375 0.0671875
2 0.6171875 0.5234375 0.025 0.1125
2 0.63359375 0.4109375 0.0328125 0.084375
2 0.83984375 0.359375 0.01953125 0.08984375
2 0.8921875 0.42890625 0.025 0.10625
2 0.6171875 0.29453125 0.03359375 0.06953125
2 0.5875 0.31328125 0.01796875 0.078125
2 0.5703125 0.3234375 0.021875 0.07578125