2 0.1015625 0.6109375 0.02734375 0.06328125
2 0.5328125 0.546875 0.021875 0.0609375
2 0.54453125 0.66640625 0.01953125 0.0875
2 0.615625 0.5671875 0.01796875 0.07421875
2 0.634375 0.6015625 0.02734375 0.07734375
2 0.79765625 0.5125 0.02265625 0.0609375
2 0.7984375 0.7546875 0.0234375 0.0984375
2 0.934375 0.71953125 0.02734375 0.09375
2 0.9796875 0.58359375 0.02421875 0.07109375
3 0.88046875 0.54765625 0.021875 0.071875
3 0.84375 0.88515625 0.0296875 0.1234375
3 0.51484375 0.371875 0.01171875 0.034375
1 0.25 0.46484375 0.01796875 0.0609375
0 0.18046875 0.565625 0.01171875 0.02265625