0 0.80859375 0.30078125 0.01171875 0.02421875
3 0.078125 0.21328125 0.0265625 0.08046875
3 0.40390625 0.38671875 0.01875 0.10078125
2 0.0234375 0.64765625 0.02734375 0.13125
2 0.0859375 0.6296875 0.02734375 0.1296875
2 0.06171875 0.5375 0.021875 0.125
2 0.009375 0.4046875 0.01875 0.1125
2 0.2359375 0.4296875 0.03203125 0.0921875
2 0.3796875 0.28125 0.02109375 0.090625
2 0.471875 0.28203125 0.02109375 0.0921875
2 0.3703125 0.51640625 0.0328125 0.1109375
2 0.553125 0.45859375 0.0234375 0.11484375
2 0.55234375 0.73671875 0.028125 0.1375
2 0.6703125 0.29609375 0.015625 0.0875
2 0.66484375 0.23984375 0.0171875 0.078125
2 0.7796875 0.215625 0.025 0.10234375
2 0.80703125 0.40625 0.03203125 0.09453125
2 0.921875 0.47734375 0.0328125 0.1109375
2 0.825 0.26796875 0.025 0.096875