2 0.140625 0.553125 0.021875 0.1109375
2 0.2109375 0.4828125 0.0265625 0.09453125
2 0.24296875 0.5015625 0.01875 0.1
2 0.25703125 0.40703125 0.028125 0.096875
2 0.34921875 0.3375 0.021875 0.071875
2 0.37578125 0.54140625 0.0234375 0.11015625
2 0.3546875 0.6890625 0.0265625 0.1234375
2 0.44609375 0.4421875 0.02421875 0.08984375
2 0.4546875 0.3 0.01796875 0.0640625
2 0.52265625 0.41171875 0.02578125 0.0859375
2 0.55859375 0.425 0.021875 0.08984375
2 0.4828125 0.6703125 0.025 0.11328125
0 0.665625 0.60703125 0.01328125 0.0203125
2 0.6578125 0.57109375 0.021875 0.08984375
2 0.66953125 0.52109375 0.0203125 0.09609375
2 0.73984375 0.47109375 0.02734375 0.09375
2 0.8671875 0.38671875 0.0265625 0.08984375
3 0.484375 0.5765625 0.02734375 0.0796875
3 0.40390625 0.29296875 0.01328125 0.06328125