0 0.865625 0.48203125 0.0109375 0.01640625
1 0.88671875 0.45859375 0.03125 0.053125
3 0.30625 0.5921875 0.0296875 0.10078125
2 0.0140625 0.54765625 0.028125 0.08984375
2 0.13984375 0.53515625 0.03125 0.08359375
2 0.1140625 0.69453125 0.02734375 0.11640625
2 0.171875 0.54296875 0.02265625 0.0859375
2 0.1734375 0.62421875 0.03125 0.08984375
2 0.18671875 0.71484375 0.02109375 0.10625
2 0.25703125 0.51640625 0.0265625 0.078125
2 0.36953125 0.490625 0.0140625 0.07421875
2 0.4203125 0.6265625 0.02890625 0.09453125
2 0.45546875 0.5375 0.02109375 0.09453125
2 0.5171875 0.53203125 0.015625 0.0875