0 0.11875 0.4625 0.0140625 0.01796875
1 0.1 0.46328125 0.01796875 0.03515625
3 0.3203125 0.36640625 0.0109375 0.0265625
3 0.496875 0.40390625 0.0109375 0.028125
3 0.71328125 0.76796875 0.0265625 0.0515625
1 0.790625 0.46640625 0.0109375 0.0390625
2 0.34765625 0.50390625 0.01484375 0.04296875
2 0.390625 0.534375 0.0109375 0.040625
2 0.334375 0.46796875 0.01171875 0.0390625
2 0.30390625 0.44140625 0.01015625 0.0390625
2 0.33671875 0.44609375 0.01171875 0.02890625
2 0.44453125 0.45703125 0.01015625 0.040625
2 0.50078125 0.4609375 0.009375 0.0375
2 0.44296875 0.40546875 0.0125 0.03515625
2 0.459375 0.4125 0.01171875 0.0328125
2 0.47734375 0.41796875 0.01171875 0.04296875
2 0.51171875 0.434375 0.01015625 0.03515625
2 0.5140625 0.484375 0.0109375 0.04140625
2 0.5140625 0.365625 0.01015625 0.03125
2 0.55078125 0.4203125 0.0078125 0.03515625
2 0.55546875 0.39140625 0.009375 0.0328125
2 0.57109375 0.4109375 0.009375 0.03671875
2 0.58046875 0.4140625 0.00859375 0.0328125
2 0.5796875 0.4515625 0.0109375 0.04140625
2 0.57421875 0.4921875 0.01171875 0.0328125