0 0.80703125 0.5578125 0.015625 0.02421875
3 0.94921875 0.79765625 0.04296875 0.1375
2 0.38671875 0.77109375 0.02734375 0.1109375
2 0.18671875 0.70078125 0.02109375 0.12890625
2 0.03203125 0.6421875 0.01953125 0.11484375
2 0.08828125 0.58671875 0.02421875 0.1296875
2 0.1453125 0.6125 0.03203125 0.13125
2 0.0890625 0.4390625 0.0203125 0.10625
2 0.025 0.3671875 0.01953125 0.10390625
2 0.1515625 0.259375 0.01875 0.096875
2 0.27109375 0.1921875 0.01484375 0.08828125
2 0.36875 0.340625 0.03046875 0.10625
2 0.33984375 0.53515625 0.02421875 0.11640625
2 0.41640625 0.4484375 0.0296875 0.0984375
2 0.66796875 0.3078125 0.025 0.10390625
2 0.7296875 0.54453125 0.028125 0.11328125