3 0.67421875 0.51796875 0.0171875 0.06328125
3 0.4953125 0.4609375 0.0125 0.03515625
1 0.0625 0.49140625 0.01953125 0.04453125
2 0.3921875 0.66796875 0.021875 0.08359375
2 0.43828125 0.55546875 0.01953125 0.065625
2 0.46328125 0.5046875 0.0140625 0.059375
2 0.4890625 0.48203125 0.01171875 0.05078125
2 0.553125 0.49453125 0.01484375 0.0515625
2 0.5375 0.5578125 0.0234375 0.06328125
2 0.56328125 0.53046875 0.01484375 0.0609375
2 0.6125 0.57890625 0.0234375 0.0640625
2 0.61328125 0.53203125 0.0125 0.04140625
2 0.659375 0.4953125 0.01328125 0.05078125
2 0.66640625 0.61796875 0.0171875 0.07421875
2 0.765625 0.7046875 0.03359375 0.0984375
2 0.72109375 0.49765625 0.01328125 0.05078125
2 0.784375 0.50625 0.01484375 0.05546875
2 0.83359375 0.5734375 0.0171875 0.0734375
2 0.87109375 0.50625 0.0140625 0.05546875
2 0.88828125 0.51484375 0.01796875 0.05546875
2 0.89453125 0.57890625 0.01171875 0.07421875
2 0.96484375 0.56953125 0.01875 0.0734375
2 0.959375 0.653125 0.01875 0.0734375