0 0.71875 0.4390625 0.009375 0.02109375
3 0.90234375 0.58203125 0.028125 0.078125
3 0.2890625 0.4484375 0.01796875 0.065625
1 0.90390625 0.25625 0.01953125 0.05546875
2 0.11015625 0.65390625 0.02421875 0.08828125
2 0.0296875 0.625 0.01953125 0.07578125
2 0.0859375 0.471875 0.021875 0.08046875
2 0.090625 0.39453125 0.02109375 0.0515625
2 0.06796875 0.3578125 0.015625 0.0640625
2 0.296875 0.48515625 0.01328125 0.0640625
2 0.2671875 0.35859375 0.0125 0.065625
2 0.1140625 0.29453125 0.01171875 0.04921875
2 0.10390625 0.2890625 0.01171875 0.04765625
2 0.36640625 0.2015625 0.01328125 0.04453125
2 0.4109375 0.26796875 0.01171875 0.05390625
2 0.4671875 0.33046875 0.0171875 0.0609375
2 0.4890625 0.33046875 0.01328125 0.05703125
2 0.68046875 0.3078125 0.01640625 0.05703125
2 0.55234375 0.4984375 0.01953125 0.0734375
2 0.58203125 0.528125 0.02734375 0.07109375
2 0.7 0.45234375 0.01640625 0.07734375
2 0.74140625 0.45546875 0.0171875 0.0609375
2 0.85546875 0.53984375 0.0265625 0.071875