0 0.746875 0.4125 0.01640625 0.02421875
1 0.859375 0.42890625 0.03046875 0.08046875
2 0.740625 0.34765625 0.015625 0.06953125
2 0.75390625 0.509375 0.01640625 0.07421875
2 0.75703125 0.57109375 0.0203125 0.08046875
2 0.690625 0.48984375 0.0203125 0.090625
2 0.621875 0.36484375 0.0171875 0.07109375
2 0.50703125 0.39375 0.0203125 0.07109375
2 0.4359375 0.41875 0.02109375 0.0671875
2 0.39609375 0.55546875 0.02578125 0.0984375
2 0.60390625 0.82890625 0.0265625 0.14765625
2 0.23984375 0.56484375 0.021875 0.0921875
2 0.01875 0.39765625 0.0171875 0.07109375
3 0.215625 0.525 0.0234375 0.10078125