0 0.2421875 0.3578125 0.009375 0.01875
3 0.12421875 0.259375 0.0171875 0.059375
3 0.45546875 0.31640625 0.0171875 0.0671875
2 0.11171875 0.42890625 0.021875 0.096875
2 0.21484375 0.38359375 0.01953125 0.084375
2 0.26640625 0.42578125 0.02890625 0.08984375
2 0.23125 0.34453125 0.01875 0.0734375
2 0.24453125 0.30546875 0.01796875 0.07109375
2 0.3921875 0.303125 0.02109375 0.0609375
2 0.35390625 0.37578125 0.02578125 0.0796875
2 0.33828125 0.703125 0.028125 0.13671875
2 0.56171875 0.50859375 0.03359375 0.10234375
2 0.4984375 0.32578125 0.02265625 0.065625
2 0.5421875 0.31953125 0.01953125 0.06328125
2 0.628125 0.29765625 0.01171875 0.065625
2 0.784375 0.34453125 0.02109375 0.0734375
2 0.8015625 0.36875 0.0203125 0.078125
2 0.86796875 0.38359375 0.01953125 0.08359375
2 0.61640625 0.42265625 0.02109375 0.08203125