0 0.35078125 0.75234375 0.0109375 0.03515625
2 0.159375 0.4171875 0.02734375 0.11015625
2 0.20703125 0.628125 0.03984375 0.11484375
2 0.33203125 0.603125 0.03515625 0.11015625
2 0.3328125 0.79921875 0.02890625 0.11875
2 0.31953125 0.275 0.02109375 0.09453125
2 0.5390625 0.07734375 0.01796875 0.0671875
2 0.546875 0.1484375 0.01640625 0.06953125
2 0.43828125 0.44609375 0.02109375 0.0984375
2 0.51171875 0.6234375 0.02734375 0.11015625
2 0.5546875 0.85234375 0.034375 0.12890625
2 0.5890625 0.74921875 0.0234375 0.12734375
2 0.70859375 0.6484375 0.025 0.1203125
2 0.78125 0.6234375 0.03046875 0.1125
2 0.7734375 0.384375 0.03125 0.08984375
2 0.675 0.16171875 0.01953125 0.08046875
2 0.77578125 0.18359375 0.025 0.084375
2 0.81640625 0.36953125 0.0296875 0.09453125
2 0.8984375 0.4390625 0.0234375 0.096875
3 0.6140625 0.3609375 0.01953125 0.10390625