0 0.45625 0.41015625 0.0109375 0.01796875
1 0.3046875 0.42265625 0.0234375 0.0796875
2 0.21484375 0.51328125 0.03828125 0.11015625
2 0.1390625 0.790625 0.0328125 0.14609375
2 0.4078125 0.4828125 0.01796875 0.096875
2 0.46875 0.3828125 0.021875 0.0734375
2 0.5625 0.46015625 0.03046875 0.0875
2 0.60078125 0.36953125 0.01953125 0.071875
2 0.81484375 0.43984375 0.0234375 0.0875
2 0.88125 0.459375 0.02734375 0.06796875
2 0.89375 0.63828125 0.03515625 0.1203125
3 0.91328125 0.534375 0.02578125 0.09609375
3 0.528125 0.35859375 0.0125 0.07109375