0 0.1875 0.43828125 0.01171875 0.01796875
1 0.1234375 0.45625 0.0390625 0.0671875
2 0.5296875 0.54453125 0.02734375 0.10625
2 0.66484375 0.4921875 0.02734375 0.0984375
2 0.6890625 0.58671875 0.0234375 0.1125
2 0.7765625 0.4890625 0.02890625 0.08984375
2 0.809375 0.471875 0.01953125 0.08359375
2 0.83203125 0.6515625 0.02421875 0.11875
2 0.9421875 0.575 0.02421875 0.1046875
2 0.97109375 0.51484375 0.021875 0.090625
2 0.9875 0.65390625 0.02421875 0.11640625
2 0.99453125 0.5109375 0.0109375 0.08203125
3 0.62265625 0.4296875 0.0171875 0.0796875