0 0.296875 0.584375 0.01328125 0.02265625
2 0.26953125 0.5390625 0.040625 0.08359375
2 0.421875 0.65859375 0.03046875 0.1046875
2 0.29140625 0.3140625 0.01953125 0.0859375
2 0.37109375 0.38359375 0.02109375 0.1
2 0.4421875 0.165625 0.0171875 0.08828125
2 0.57421875 0.10078125 0.01875 0.07109375
2 0.49375 0.5453125 0.02265625 0.1109375
2 0.515625 0.421875 0.02421875 0.08828125
2 0.62578125 0.24609375 0.0140625 0.08359375
2 0.86953125 0.1828125 0.01484375 0.07734375
2 0.8984375 0.35 0.02890625 0.09453125
2 0.76796875 0.57109375 0.02734375 0.1125
2 0.8125 0.88359375 0.0359375 0.13125
3 0.5609375 0.46328125 0.02421875 0.10625