0 0.08828125 0.39453125 0.009375 0.01875
2 0.03515625 0.4484375 0.02421875 0.0859375
2 0.084375 0.534375 0.02578125 0.0875
2 0.09140625 0.36640625 0.0171875 0.053125
2 0.24140625 0.36171875 0.025 0.059375
2 0.2578125 0.3984375 0.0171875 0.06953125
2 0.271875 0.3671875 0.01796875 0.065625
2 0.3421875 0.4453125 0.02421875 0.07421875
3 0.50546875 0.415625 0.0234375 0.07578125
2 0.54921875 0.40078125 0.0171875 0.07734375
2 0.6375 0.43359375 0.0203125 0.0796875
2 0.67421875 0.43359375 0.02421875 0.07734375
2 0.68125 0.38984375 0.0140625 0.05078125
2 0.7046875 0.46484375 0.01875 0.07578125
2 0.7375 0.43515625 0.01875 0.07734375
2 0.759375 0.465625 0.02109375 0.0796875
2 0.7890625 0.47578125 0.01875 0.0859375
2 0.83046875 0.475 0.01953125 0.090625
2 0.85625 0.47578125 0.021875 0.090625
2 0.8546875 0.54609375 0.02734375 0.0921875
2 0.87421875 0.47890625 0.0171875 0.0859375
2 0.94375 0.5109375 0.0203125 0.096875