0 0.7375 0.55546875 0.01953125 0.028125
3 0.57265625 0.55390625 0.03515625 0.10625
2 0.09140625 0.53125 0.025 0.0984375
2 0.1296875 0.534375 0.03125 0.07421875
2 0.19765625 0.4453125 0.01875 0.0921875
2 0.22265625 0.41328125 0.01875 0.0875
2 0.2484375 0.40078125 0.02421875 0.08203125
2 0.3625 0.32734375 0.0171875 0.06953125
2 0.4125 0.31640625 0.01484375 0.059375
2 0.5765625 0.28515625 0.01875 0.0609375
2 0.57109375 0.35703125 0.025 0.07109375
2 0.54453125 0.4265625 0.0203125 0.0859375
2 0.50703125 0.42265625 0.01484375 0.0796875
2 0.40859375 0.51171875 0.03828125 0.07734375
2 0.37421875 0.54921875 0.0203125 0.10078125
2 0.1984375 0.684375 0.02109375 0.10859375
2 0.30546875 0.9 0.034375 0.13984375
2 0.6328125 0.515625 0.0265625 0.08984375
2 0.753125 0.434375 0.02421875 0.0734375
2 0.909375 0.40234375 0.01640625 0.0796875
2 0.81875 0.53359375 0.034375 0.0921875
2 0.76953125 0.55078125 0.0421875 0.08984375