0 0.2328125 0.35625 0.01484375 0.0203125
2 0.20703125 0.35234375 0.03125 0.08828125
2 0.28125 0.28046875 0.03203125 0.078125
2 0.27421875 0.12734375 0.01875 0.065625
2 0.2546875 0.403125 0.025 0.10390625
2 0.33984375 0.45390625 0.02265625 0.10234375
2 0.35 0.29140625 0.03515625 0.0796875
2 0.3734375 0.1953125 0.01796875 0.071875
2 0.465625 0.26796875 0.01953125 0.0921875
2 0.475 0.43828125 0.02890625 0.10625
2 0.50390625 0.29453125 0.02734375 0.08828125
2 0.54453125 0.2296875 0.01484375 0.0859375
2 0.60546875 0.21875 0.021875 0.084375
2 0.71875 0.26328125 0.021875 0.0875
2 0.65546875 0.6203125 0.02109375 0.11015625
2 0.80625 0.38359375 0.02265625 0.10078125
2 0.9859375 0.60078125 0.021875 0.12109375
2 0.89765625 0.7484375 0.02734375 0.125
3 0.359375 0.22890625 0.0203125 0.07578125