0 0.490625 0.5734375 0.01171875 0.03046875
3 0.20234375 0.5375 0.02890625 0.11328125
2 0.03203125 0.71171875 0.046875 0.12734375
2 0.0421875 0.5234375 0.0421875 0.11484375
2 0.1265625 0.36953125 0.03671875 0.0796875
2 0.18359375 0.26484375 0.02421875 0.0796875
2 0.3078125 0.359375 0.021875 0.084375
2 0.30078125 0.53203125 0.021875 0.10234375
2 0.25 0.615625 0.02734375 0.12265625
2 0.30859375 0.746875 0.03515625 0.14296875
2 0.46328125 0.6734375 0.02890625 0.125
2 0.50234375 0.80546875 0.040625 0.1390625
2 0.52890625 0.5796875 0.03046875 0.11875
2 0.51171875 0.5640625 0.025 0.10703125
2 0.41015625 0.3609375 0.021875 0.0859375
2 0.4859375 0.24921875 0.01953125 0.07421875
2 0.56328125 0.2421875 0.01796875 0.0734375
2 0.5578125 0.3703125 0.021875 0.0921875
2 0.8140625 0.42265625 0.01796875 0.096875
2 0.81796875 0.65234375 0.03515625 0.1171875