0 0.86328125 0.52421875 0.00859375 0.01484375
1 0.89140625 0.50625 0.03515625 0.06328125
3 0.42109375 0.69375 0.0234375 0.08984375
3 0.4234375 0.80703125 0.02890625 0.0859375
3 0.0171875 0.36328125 0.01796875 0.04921875
2 0.01015625 0.5015625 0.01953125 0.07734375
2 0.01171875 0.578125 0.0234375 0.065625
2 0.071875 0.44921875 0.01796875 0.0515625
2 0.04296875 0.49296875 0.01953125 0.06171875
2 0.0515625 0.5875 0.0265625 0.071875
2 0.04375 0.68515625 0.0125 0.09453125
2 0.053125 0.6875 0.0140625 0.0796875
2 0.07578125 0.55546875 0.0203125 0.0734375
2 0.096875 0.58359375 0.01328125 0.053125
2 0.1078125 0.63828125 0.01953125 0.07734375
2 0.10234375 0.7296875 0.01875 0.08046875
2 0.27734375 0.70234375 0.02109375 0.08046875
2 0.29921875 0.6125 0.01953125 0.078125
2 0.27890625 0.5515625 0.01640625 0.065625
2 0.28046875 0.45625 0.0125 0.05703125
2 0.3078125 0.53203125 0.01640625 0.0640625