3 0.44921875 0.1984375 0.02734375 0.0734375
3 0.58671875 0.70546875 0.02890625 0.1265625
2 0.33125 0.79609375 0.0359375 0.12734375
2 0.28828125 0.56484375 0.0203125 0.11484375
2 0.31640625 0.5734375 0.02578125 0.11875
2 0.4125 0.39765625 0.021875 0.08828125
2 0.4265625 0.4375 0.0453125 0.0796875
2 0.45625 0.4015625 0.03671875 0.09375
2 0.47578125 0.38359375 0.0234375 0.096875
2 0.5078125 0.33359375 0.0234375 0.08359375
2 0.534375 0.30546875 0.0296875 0.09375
2 0.571875 0.2984375 0.025 0.084375
2 0.58984375 0.36640625 0.01953125 0.1109375
2 0.590625 0.5578125 0.0296875 0.10390625
2 0.68125 0.53671875 0.01953125 0.1109375
2 0.85546875 0.740625 0.0265625 0.125
2 0.82265625 0.378125 0.0234375 0.1046875
2 0.76875 0.3828125 0.03203125 0.090625
0 0.40390625 0.58046875 0.01171875 0.0265625
1 0.28359375 0.32578125 0.03828125 0.09375