0 0.190625 0.44765625 0.01171875 0.02109375
2 0.10859375 0.32109375 0.0234375 0.1125
2 0.2109375 0.2265625 0.021875 0.096875
2 0.20234375 0.40546875 0.03515625 0.10625
2 0.21953125 0.52109375 0.02578125 0.12734375
2 0.3703125 0.4046875 0.0234375 0.1203125
2 0.37890625 0.590625 0.03125 0.1453125
2 0.5046875 0.23515625 0.02265625 0.09453125
2 0.528125 0.17578125 0.025 0.08359375
2 0.56640625 0.56328125 0.02734375 0.1265625
2 0.57734375 0.87109375 0.0484375 0.16171875
3 0.609375 0.3203125 0.0203125 0.0921875
2 0.6171875 0.3421875 0.0203125 0.10390625
2 0.640625 0.340625 0.01953125 0.1046875
2 0.828125 0.259375 0.01484375 0.10234375
2 0.8203125 0.475 0.0265625 0.12109375
2 0.8671875 0.3 0.03046875 0.1171875
2 0.91015625 0.30390625 0.01875 0.11484375