0 0.76171875 0.28984375 0.01171875 0.01875
2 0.84375 0.696875 0.0375 0.14921875
2 0.17890625 0.8421875 0.0328125 0.1390625
2 0.14765625 0.2859375 0.0171875 0.10703125
2 0.378125 0.29453125 0.01953125 0.10703125
2 0.28671875 0.52578125 0.03984375 0.1328125
2 0.44453125 0.2546875 0.01953125 0.08984375
2 0.46484375 0.22578125 0.02578125 0.10078125
2 0.65546875 0.19375 0.0234375 0.0875
2 0.7375 0.21875 0.02421875 0.08984375
2 0.621875 0.3625 0.0234375 0.11328125
2 0.5890625 0.31015625 0.02265625 0.1125
2 0.4890625 0.49453125 0.01953125 0.12734375
2 0.4859375 0.41640625 0.01875 0.046875
3 0.33046875 0.5140625 0.02578125 0.1234375
3 0.12578125 0.13125 0.028125 0.09375