0 0.803125 0.47890625 0.01171875 0.01640625
2 0.73046875 0.7 0.03515625 0.125
2 0.4890625 0.57734375 0.02578125 0.1
3 0.46640625 0.48359375 0.01796875 0.08046875
2 0.47421875 0.45078125 0.015625 0.07109375
2 0.478125 0.53046875 0.01875 0.0734375
2 0.015625 0.58125 0.0234375 0.11015625
2 0.12734375 0.49453125 0.02421875 0.08984375
2 0.334375 0.39765625 0.01484375 0.08046875
2 0.39140625 0.33671875 0.01875 0.0671875
2 0.41484375 0.33125 0.0171875 0.06953125
2 0.53515625 0.2796875 0.0171875 0.05703125
2 0.5921875 0.26171875 0.0140625 0.04765625
2 0.653125 0.37109375 0.015625 0.0734375
2 0.67578125 0.3234375 0.015625 0.0609375
2 0.7515625 0.3734375 0.01953125 0.06953125
2 0.8171875 0.5046875 0.02109375 0.090625
2 0.83359375 0.44375 0.021875 0.0796875
2 0.825 0.4046875 0.02265625 0.071875
2 0.9265625 0.2921875 0.0171875 0.05703125
2 0.97109375 0.38671875 0.0171875 0.08046875
1 0.14609375 0.30625 0.01953125 0.06953125
3 0.2765625 0.24140625 0.01640625 0.0515625
3 0.58359375 0.234375 0.01171875 0.0390625