0 0.746875 0.425 0.01328125 0.02890625
2 0.10703125 0.87421875 0.0359375 0.153125
2 0.08046875 0.55390625 0.028125 0.13671875
2 0.01171875 0.4875 0.0234375 0.11640625
2 0.0890625 0.2484375 0.0234375 0.1
2 0.33125 0.3390625 0.03203125 0.11484375
2 0.41015625 0.2 0.0296875 0.0921875
2 0.33984375 0.63984375 0.0375 0.1375
2 0.43359375 0.596875 0.02734375 0.12734375
2 0.58671875 0.57421875 0.03125 0.1328125
2 0.61875 0.42265625 0.0234375 0.1109375
2 0.76484375 0.390625 0.03515625 0.0921875
3 0.4390625 0.6765625 0.02578125 0.14609375