0 0.3640625 0.559375 0.01953125 0.0328125
3 0.52734375 0.4859375 0.0359375 0.14375
2 0.02265625 0.20546875 0.03984375 0.096875
2 0.21796875 0.28359375 0.0390625 0.1203125
2 0.29609375 0.54609375 0.025 0.1296875
2 0.3203125 0.55390625 0.03046875 0.1234375
2 0.43984375 0.478125 0.040625 0.12265625
2 0.6078125 0.340625 0.025 0.10703125
2 0.403125 0.8765625 0.04453125 0.1578125
2 0.62265625 0.6046875 0.06015625 0.14921875
2 0.69453125 0.63984375 0.05078125 0.1328125
2 0.953125 0.93828125 0.034375 0.1234375
2 0.8421875 0.490625 0.0296875 0.1328125
2 0.8953125 0.3640625 0.0359375 0.125
2 0.9625 0.190625 0.03828125 0.11875
2 0.99296875 0.24765625 0.0140625 0.10625