0 0.425 0.4609375 0.00703125 0.0140625
1 0.12265625 0.45078125 0.0125 0.03203125
1 0.91015625 0.4515625 0.0125 0.034375
2 0.328125 0.54765625 0.01171875 0.04296875
2 0.3125 0.46640625 0.0109375 0.03203125
2 0.42109375 0.378125 0.0125 0.034375
2 0.33984375 0.41875 0.0125 0.03125
2 0.45546875 0.415625 0.009375 0.034375
2 0.50625 0.4125 0.009375 0.03125
2 0.50390625 0.49140625 0.009375 0.03828125
2 0.4515625 0.490625 0.0109375 0.034375
2 0.4109375 0.4484375 0.009375 0.0359375
2 0.5171875 0.45 0.009375 0.04375
2 0.56171875 0.53203125 0.0140625 0.0390625
2 0.67890625 0.51875 0.0125 0.04375
2 0.57578125 0.45546875 0.0125 0.03828125
2 0.69453125 0.47421875 0.0140625 0.0390625
2 0.621875 0.44140625 0.0109375 0.04296875
2 0.5890625 0.40546875 0.01015625 0.0359375
3 0.48046875 0.409375 0.0109375 0.03046875
2 0.68046875 0.4359375 0.0109375 0.03828125
2 0.653125 0.39375 0.01015625 0.034375
3 0.51171875 0.67421875 0.0140625 0.0453125
3 0.7953125 0.67578125 0.01328125 0.04375