3 0.2 0.2328125 0.0140625 0.04375
3 0.42421875 0.3515625 0.01796875 0.05546875
2 0.25 0.71953125 0.02734375 0.09296875
2 0.11015625 0.3609375 0.0171875 0.06953125
2 0.2890625 0.43359375 0.01640625 0.06328125
2 0.3671875 0.390625 0.0140625 0.06328125
2 0.35234375 0.29140625 0.01875 0.05234375
2 0.49296875 0.275 0.01484375 0.05
2 0.50546875 0.284375 0.01328125 0.04609375
2 0.515625 0.33359375 0.0203125 0.0546875
2 0.49453125 0.36640625 0.01328125 0.0453125
2 0.5 0.35703125 0.0140625 0.05703125
0 0.48203125 0.4609375 0.0125 0.0265625
2 0.5 0.440625 0.021875 0.0578125
2 0.4953125 0.559375 0.025 0.07734375
2 0.63828125 0.51484375 0.02265625 0.07890625
2 0.73046875 0.28671875 0.02265625 0.05078125
2 0.70078125 0.35625 0.0140625 0.0625
2 0.725 0.41328125 0.0203125 0.07421875
2 0.8109375 0.33984375 0.01484375 0.06328125
2 0.87421875 0.42578125 0.015625 0.071875
2 0.85859375 0.553125 0.01640625 0.08359375