1 0.5484375 0.07265625 0.009375 0.03125
0 0.49375 0.40078125 0.009375 0.01640625
3 0.28359375 0.45625 0.0328125 0.08359375
2 0.19296875 0.946875 0.0671875 0.10625
2 0.4671875 0.6765625 0.03359375 0.103125
2 0.6078125 0.71953125 0.0375 0.10078125
2 0.78125 0.3984375 0.0359375 0.0703125
2 0.83984375 0.32890625 0.02734375 0.065625
2 0.86484375 0.2296875 0.02109375 0.040625
2 0.63671875 0.1765625 0.0171875 0.059375
2 0.571875 0.22890625 0.0171875 0.05703125
2 0.51953125 0.209375 0.01484375 0.06015625
2 0.44296875 0.18515625 0.01328125 0.053125
2 0.3046875 0.3828125 0.01796875 0.0578125
2 0.5046875 0.371875 0.028125 0.07421875
2 0.2828125 0.315625 0.0234375 0.06796875
2 0.1953125 0.25546875 0.02578125 0.0578125