0 0.81640625 0.48203125 0.0140625 0.025
3 0.48828125 0.58515625 0.0453125 0.1125
2 0.5140625 0.54765625 0.02109375 0.09453125
2 0.37109375 0.78671875 0.034375 0.16171875
2 0.37734375 0.60390625 0.04296875 0.0859375
2 0.228125 0.51015625 0.03125 0.0984375
2 0.19921875 0.42734375 0.01953125 0.08984375
2 0.01171875 0.409375 0.0234375 0.09296875
2 0.13671875 0.33671875 0.03203125 0.071875
2 0.3296875 0.39765625 0.02109375 0.0734375
2 0.37890625 0.3796875 0.02421875 0.071875
2 0.35546875 0.33984375 0.021875 0.065625
2 0.40625 0.325 0.01875 0.0640625
2 0.38203125 0.4625 0.028125 0.07578125
2 0.63984375 0.31953125 0.02109375 0.053125
2 0.6234375 0.5015625 0.03359375 0.09609375
2 0.709375 0.484375 0.028125 0.084375
2 0.77578125 0.371875 0.021875 0.084375
2 0.99375 0.465625 0.01171875 0.0984375