0 0.4734375 0.4796875 0.01015625 0.02421875
3 0.175 0.259375 0.0171875 0.0625
3 0.5125 0.38046875 0.03203125 0.08359375
2 0.2078125 0.321875 0.01953125 0.07421875
2 0.1984375 0.44921875 0.025 0.096875
2 0.46328125 0.45 0.028125 0.09140625
2 0.5171875 0.27734375 0.02578125 0.06171875
2 0.54296875 0.35546875 0.0203125 0.07421875
2 0.55859375 0.4578125 0.028125 0.08671875
2 0.5390625 0.6828125 0.0328125 0.14609375
2 0.61640625 0.590625 0.0328125 0.115625
2 0.62109375 0.43828125 0.021875 0.09140625
2 0.64609375 0.4671875 0.034375 0.10546875
2 0.6578125 0.74609375 0.0390625 0.1328125
2 0.8109375 0.5171875 0.0265625 0.12265625
2 0.83984375 0.3171875 0.021875 0.071875
2 0.99296875 0.42578125 0.0140625 0.10625