0 0.45703125 0.45859375 0.01640625 0.02265625
3 0.16796875 0.23515625 0.01484375 0.053125
3 0.61171875 0.371875 0.02109375 0.07421875
3 0.9390625 0.859375 0.03046875 0.1125
2 0.01171875 0.503125 0.0234375 0.09140625
2 0.08515625 0.34375 0.01953125 0.0796875
2 0.12265625 0.6296875 0.02421875 0.09609375
2 0.246875 0.4609375 0.01953125 0.08359375
2 0.2484375 0.39609375 0.0140625 0.046875
2 0.49765625 0.27578125 0.01484375 0.06953125
2 0.265625 0.2609375 0.01328125 0.05703125
2 0.496875 0.3765625 0.02109375 0.06328125
2 0.5578125 0.30859375 0.0171875 0.0671875
2 0.50078125 0.43515625 0.02734375 0.0796875
2 0.48984375 0.51796875 0.028125 0.06953125
2 0.49609375 0.64765625 0.02421875 0.10390625
2 0.4921875 0.825 0.025 0.11015625
2 0.70078125 0.63984375 0.0328125 0.1046875
2 0.6546875 0.48515625 0.021875 0.08203125
2 0.66484375 0.39765625 0.028125 0.065625
2 0.721875 0.35234375 0.0140625 0.078125
2 0.74609375 0.39765625 0.015625 0.08046875
2 0.75625 0.4671875 0.01796875 0.090625
2 0.84765625 0.5921875 0.0234375 0.10078125