0 0.49453125 0.49453125 0.00703125 0.01875
3 0.4375 0.41015625 0.01484375 0.05546875
3 0.25546875 0.278125 0.01171875 0.04765625
2 0.74453125 0.72578125 0.01796875 0.09375
2 0.48828125 0.7453125 0.02265625 0.08828125
2 0.10390625 0.6609375 0.0171875 0.084375
2 0.115625 0.54765625 0.01484375 0.078125
2 0.17421875 0.4359375 0.01640625 0.06328125
2 0.31796875 0.3234375 0.0140625 0.05078125
2 0.2515625 0.47109375 0.01640625 0.07109375
2 0.3828125 0.4828125 0.01484375 0.0671875
2 0.496875 0.32265625 0.0171875 0.0390625
2 0.50703125 0.375 0.0125 0.05078125
2 0.50390625 0.471875 0.0140625 0.08203125
2 0.5484375 0.55390625 0.01640625 0.06796875
2 0.509375 0.6484375 0.01640625 0.0875
2 0.6046875 0.5328125 0.01484375 0.06796875
2 0.8203125 0.54921875 0.01484375 0.0859375
2 0.77734375 0.45078125 0.015625 0.065625
2 0.6921875 0.47265625 0.01640625 0.0671875
2 0.6359375 0.43828125 0.015625 0.06328125
2 0.63046875 0.35703125 0.01640625 0.065625