0 0.69453125 0.409375 0.00703125 0.01484375
2 0.9140625 0.5421875 0.01640625 0.075
2 0.6609375 0.52109375 0.01640625 0.071875
2 0.4109375 0.76015625 0.02109375 0.084375
2 0.4078125 0.63515625 0.0265625 0.0859375
2 0.4953125 0.471875 0.01328125 0.06484375
2 0.56015625 0.30625 0.0140625 0.05234375
2 0.375 0.33359375 0.01484375 0.05703125
2 0.40234375 0.428125 0.0171875 0.06484375
2 0.26328125 0.3828125 0.015625 0.06015625
2 0.05625 0.3875 0.02109375 0.05234375
2 0.20234375 0.60390625 0.02109375 0.071875
2 0.21484375 0.5921875 0.01015625 0.07265625
2 0.01171875 0.7203125 0.0234375 0.0890625
3 0.196875 0.48125 0.0140625 0.06796875
1 0.7078125 0.38984375 0.01875 0.05703125