0 0.48828125 0.44921875 0.0125 0.0234375
3 0.4703125 0.4953125 0.0265625 0.09921875
3 0.15546875 0.13046875 0.01171875 0.0625
2 0.80078125 0.79921875 0.0390625 0.13515625
2 0.409375 0.70390625 0.021875 0.12578125
2 0.4453125 0.66328125 0.0421875 0.07890625
2 0.01640625 0.67578125 0.0296875 0.11328125
2 0.015625 0.52109375 0.03125 0.10859375
2 0.07578125 0.4 0.03359375 0.09609375
2 0.121875 0.29375 0.02421875 0.0859375
2 0.2828125 0.46953125 0.034375 0.09296875
2 0.27265625 0.38671875 0.025 0.07890625
2 0.396875 0.42578125 0.04140625 0.09296875
2 0.46953125 0.41015625 0.0296875 0.07734375
2 0.5390625 0.5171875 0.034375 0.10390625
2 0.5078125 0.334375 0.0265625 0.0765625
2 0.41484375 0.246875 0.01796875 0.07734375
2 0.4515625 0.22578125 0.025 0.071875
2 0.7609375 0.2078125 0.02421875 0.0703125
2 0.834375 0.37890625 0.02109375 0.09140625
2 0.81953125 0.4765625 0.01796875 0.1015625
2 0.98984375 0.28046875 0.0203125 0.0765625