2 0.51875 0.70859375 0.0390625 0.0984375
2 0.34921875 0.48515625 0.0203125 0.0734375
2 0.346875 0.39609375 0.0109375 0.084375
2 0.390625 0.35 0.01328125 0.05078125
3 0.4765625 0.31796875 0.01796875 0.0453125
2 0.52109375 0.3234375 0.0171875 0.053125
2 0.50703125 0.35 0.0140625 0.0375
2 0.51328125 0.39609375 0.01328125 0.053125
2 0.51640625 0.56796875 0.02890625 0.08046875
2 0.6140625 0.49296875 0.021875 0.07734375
2 0.63828125 0.375 0.0171875 0.053125
2 0.6609375 0.2984375 0.0140625 0.046875
2 0.66015625 0.353125 0.01484375 0.059375
2 0.7375 0.4078125 0.01875 0.065625
2 0.82578125 0.36328125 0.01328125 0.06328125
2 0.89609375 0.41328125 0.02265625 0.06171875
2 0.875 0.6921875 0.02421875 0.10859375
2 0.94765625 0.48125 0.02109375 0.078125
2 0.50703125 0.26484375 0.01328125 0.03515625