3 0.51953125 0.50859375 0.02265625 0.0921875
3 0.11640625 0.20390625 0.01953125 0.0640625
2 0.11171875 0.45234375 0.02578125 0.09453125
2 0.1734375 0.37734375 0.01953125 0.078125
2 0.49453125 0.7578125 0.0296875 0.1234375
2 0.19609375 0.26015625 0.01640625 0.07109375
2 0.4796875 0.22578125 0.021875 0.0609375
2 0.48515625 0.2859375 0.015625 0.04921875
2 0.48828125 0.33984375 0.02109375 0.07578125
2 0.4796875 0.4140625 0.0234375 0.08359375
2 0.48359375 0.50859375 0.02265625 0.090625
2 0.478125 0.63359375 0.02890625 0.11328125
2 0.5828125 0.35390625 0.01953125 0.08359375
2 0.66015625 0.4375 0.01953125 0.08203125
2 0.89140625 0.28046875 0.01875 0.08046875
2 0.93125 0.340625 0.0296875 0.090625
2 0.96875 0.409375 0.03203125 0.096875