2 0.84921875 0.6296875 0.0296875 0.10390625
2 0.49609375 0.76328125 0.02734375 0.11484375
2 0.20546875 0.48984375 0.0234375 0.08359375
2 0.10546875 0.38046875 0.01328125 0.0671875
2 0.19375 0.30859375 0.0171875 0.05390625
2 0.29140625 0.3171875 0.015625 0.06328125
2 0.34296875 0.384375 0.01484375 0.071875
2 0.31796875 0.2390625 0.01171875 0.04453125
2 0.34921875 0.33671875 0.01171875 0.05703125
2 0.50390625 0.23046875 0.0125 0.03671875
2 0.5109375 0.29140625 0.01328125 0.046875
2 0.50703125 0.3375 0.02109375 0.0515625
2 0.51328125 0.4625 0.0296875 0.0734375
2 0.59375 0.403125 0.021875 0.07109375
2 0.59375 0.2390625 0.0109375 0.04453125
2 0.59765625 0.3015625 0.0171875 0.053125
2 0.64609375 0.34375 0.02109375 0.059375
2 0.70078125 0.27265625 0.01484375 0.053125
2 0.7296875 0.33984375 0.01171875 0.06796875
2 0.8234375 0.4578125 0.0171875 0.071875
3 0.47734375 0.2828125 0.01640625 0.053125