2 0.6359375 0.875 0.02265625 0.10859375
2 0.6765625 0.8671875 0.0328125 0.09609375
2 0.9265625 0.52109375 0.01796875 0.0765625
2 0.83828125 0.3796875 0.015625 0.06015625
2 0.6453125 0.29375 0.0140625 0.040625
2 0.67578125 0.41875 0.0125 0.065625
2 0.5828125 0.3515625 0.0140625 0.05078125
2 0.49296875 0.34296875 0.01015625 0.04375
2 0.4984375 0.371875 0.01640625 0.040625
2 0.4078125 0.39140625 0.0234375 0.04765625
2 0.303125 0.33125 0.01328125 0.04375
2 0.03125 0.63046875 0.025 0.09609375
2 0.09453125 0.40546875 0.02578125 0.03671875
2 0.115625 0.4765625 0.0171875 0.065625
2 0.2953125 0.45625 0.015625 0.06953125
2 0.440625 0.61328125 0.021875 0.08125
2 0.4875 0.4953125 0.02421875 0.06015625
2 0.490625 0.42734375 0.01953125 0.053125
2 0.6 0.534375 0.02265625 0.08125
3 0.51171875 0.490625 0.0203125 0.0671875
0 0.5109375 0.43671875 0.01484375 0.02421875