0 0.51171875 0.5015625 0.00859375 0.01484375
3 0.58671875 0.59375 0.021875 0.0671875
3 0.2875 0.30625 0.0109375 0.04453125
2 0.08359375 0.71796875 0.02578125 0.06953125
2 0.21171875 0.51640625 0.01328125 0.07109375
2 0.20859375 0.44609375 0.01484375 0.05390625
2 0.27109375 0.36328125 0.01171875 0.04921875
2 0.33671875 0.48125 0.01328125 0.06328125
2 0.4078125 0.43359375 0.015625 0.06171875
2 0.41015625 0.5421875 0.01640625 0.06171875
2 0.50390625 0.33046875 0.01171875 0.04765625
2 0.50390625 0.3765625 0.015625 0.0515625
2 0.5046875 0.43359375 0.01328125 0.05390625
2 0.50234375 0.47421875 0.01640625 0.0515625
2 0.48125 0.6484375 0.0265625 0.06953125
2 0.50859375 0.5765625 0.0171875 0.0640625
2 0.51484375 0.90625 0.02421875 0.09375
2 0.63671875 0.41640625 0.0125 0.05546875
2 0.6640625 0.484375 0.0140625 0.06171875
2 0.6921875 0.57265625 0.01484375 0.071875
2 0.803125 0.43984375 0.01171875 0.059375
2 0.8609375 0.48046875 0.01015625 0.0640625
2 0.90546875 0.65234375 0.01875 0.07421875