2 0.02734375 0.60859375 0.0234375 0.1234375
2 0.0234375 0.36875 0.0171875 0.0984375
2 0.078125 0.45859375 0.01640625 0.10859375
2 0.1671875 0.265625 0.01640625 0.07734375
2 0.2375 0.39921875 0.0171875 0.08359375
2 0.29765625 0.35 0.0203125 0.07734375
2 0.4875 0.3171875 0.0125 0.05703125
2 0.45859375 0.49375 0.0265625 0.09609375
2 0.4890625 0.628125 0.0234375 0.10703125
2 0.51015625 0.55859375 0.02421875 0.1
2 0.49375 0.48828125 0.02421875 0.10390625
2 0.496875 0.396875 0.01875 0.084375
3 0.5453125 0.49140625 0.025 0.090625
2 0.62109375 0.33671875 0.01796875 0.0796875
2 0.49609375 0.225 0.01484375 0.065625
2 0.72109375 0.40859375 0.01484375 0.07421875
2 0.8125 0.26484375 0.01640625 0.07421875
2 0.8984375 0.3171875 0.0234375 0.08203125
3 0.17890625 0.19296875 0.01796875 0.0609375