2 0.2265625 0.65703125 0.0296875 0.115625
2 0.0546875 0.43046875 0.02578125 0.06484375
2 0.2375 0.34453125 0.01328125 0.071875
2 0.27421875 0.27890625 0.015625 0.05546875
3 0.43203125 0.2921875 0.0140625 0.05703125
2 0.475 0.29453125 0.01484375 0.05234375
2 0.49140625 0.253125 0.0140625 0.05078125
2 0.5078125 0.2375 0.01328125 0.034375
2 0.4703125 0.41640625 0.01875 0.07890625
2 0.50078125 0.3015625 0.015625 0.04765625
2 0.5078125 0.34609375 0.025 0.0625
2 0.53984375 0.30078125 0.0171875 0.05078125
2 0.5546875 0.41328125 0.0171875 0.07890625
2 0.6328125 0.2515625 0.0140625 0.04296875
2 0.709375 0.3296875 0.0140625 0.06953125
2 0.83515625 0.28125 0.0140625 0.05546875
2 0.87109375 0.36015625 0.01328125 0.06953125
2 0.9265625 0.4453125 0.02265625 0.08203125
2 0.5765625 0.63984375 0.02265625 0.11484375
2 0.503125 0.56953125 0.02109375 0.09296875