0 0.47265625 0.4671875 0.0171875 0.02265625
3 0.4609375 0.34609375 0.02109375 0.07109375
2 0.01171875 0.4125 0.01875 0.08046875
2 0.07109375 0.871875 0.0390625 0.1328125
2 0.50078125 0.71796875 0.028125 0.11484375
2 0.46015625 0.5484375 0.03359375 0.084375
2 0.35546875 0.534375 0.01796875 0.08828125
2 0.2953125 0.403125 0.015625 0.07734375
2 0.36015625 0.2828125 0.01796875 0.0609375
2 0.50703125 0.2609375 0.01796875 0.04140625
2 0.5015625 0.4453125 0.03046875 0.0796875
2 0.49375 0.3609375 0.01953125 0.06171875
2 0.509375 0.34609375 0.01328125 0.084375
2 0.6859375 0.34921875 0.0203125 0.065625
2 0.70390625 0.44921875 0.02421875 0.08125
2 0.68359375 0.30078125 0.01171875 0.0484375
2 0.7671875 0.28984375 0.01484375 0.06484375
2 0.9328125 0.58203125 0.03515625 0.09375
2 0.8953125 0.41640625 0.02734375 0.08046875
2 0.840625 0.36484375 0.02421875 0.07109375