0 0.4921875 0.5 0.0109375 0.0203125
3 0.35625 0.3734375 0.0234375 0.1046875
3 0.11796875 0.1859375 0.01796875 0.0796875
2 0.51015625 0.63828125 0.0328125 0.1203125
2 0.221875 0.50546875 0.025 0.1203125
2 0.05703125 0.33671875 0.02109375 0.1171875
2 0.36171875 0.2390625 0.0203125 0.07421875
2 0.47421875 0.215625 0.02734375 0.05078125
2 0.49140625 0.2890625 0.0265625 0.06796875
2 0.49453125 0.3796875 0.03515625 0.084375
2 0.49453125 0.47734375 0.03203125 0.10625
2 0.490625 0.44296875 0.01640625 0.0609375
2 0.58046875 0.37265625 0.02265625 0.09609375
2 0.578125 0.28125 0.021875 0.08984375
2 0.85546875 0.50625 0.021875 0.10625
2 0.9125 0.38125 0.028125 0.10078125
2 0.965625 0.2609375 0.03359375 0.071875