0 0.49375 0.5 0.0109375 0.01484375
3 0.48515625 0.4 0.0140625 0.0671875
2 0.25390625 0.7546875 0.0359375 0.090625
2 0.06875 0.53125 0.02109375 0.0734375
2 0.12109375 0.42890625 0.025 0.07578125
2 0.25390625 0.503125 0.0171875 0.0796875
2 0.2890625 0.446875 0.01640625 0.07578125
2 0.3375 0.3484375 0.0140625 0.053125
2 0.47265625 0.32109375 0.01640625 0.04296875
2 0.4734375 0.38125 0.01328125 0.0578125
2 0.44765625 0.5328125 0.0203125 0.0734375
2 0.48515625 0.48515625 0.0234375 0.07109375
2 0.49296875 0.59375 0.0203125 0.071875
2 0.5546875 0.52421875 0.0203125 0.065625
2 0.58359375 0.56875 0.028125 0.06171875
2 0.56875 0.43671875 0.02421875 0.0609375
2 0.64453125 0.4625 0.01953125 0.0640625
2 0.671875 0.34765625 0.0203125 0.0515625
2 0.7578125 0.42890625 0.0203125 0.0734375
2 0.79296875 0.52265625 0.01953125 0.0734375
2 0.8203125 0.63671875 0.01953125 0.0796875
3 0.99140625 0.93515625 0.0171875 0.1078125