0 0.4828125 0.5484375 0.009375 0.01640625
3 0.453125 0.44609375 0.01953125 0.065625
3 0.2109375 0.3171875 0.01953125 0.0515625
2 0.115625 0.8609375 0.0265625 0.1234375
2 0.08203125 0.50234375 0.01875 0.078125
2 0.3453125 0.39453125 0.01796875 0.0640625
2 0.31875 0.48046875 0.0171875 0.06953125
2 0.34765625 0.58125 0.02578125 0.07421875
2 0.45390625 0.58125 0.02578125 0.07734375
2 0.49609375 0.52109375 0.02734375 0.071875
2 0.4953125 0.45078125 0.0203125 0.05546875
2 0.4984375 0.39453125 0.0109375 0.06171875
2 0.53515625 0.35390625 0.0171875 0.05546875
2 0.52734375 0.50546875 0.028125 0.071875
2 0.50625 0.69375 0.021875 0.09453125
2 0.5421875 0.7875 0.0390625 0.10078125
2 0.68203125 0.55546875 0.0171875 0.08359375
2 0.68203125 0.4984375 0.02578125 0.0671875
2 0.7203125 0.375 0.0125 0.0609375
2 0.83203125 0.46875 0.01484375 0.08203125
2 0.86015625 0.56953125 0.01875 0.08359375
2 0.90625 0.75859375 0.02734375 0.10703125