3 0.4796875 0.5234375 0.01171875 0.0359375
2 0.18828125 0.62265625 0.0140625 0.0578125
2 0.24453125 0.8265625 0.025 0.10390625
2 0.24375 0.56328125 0.01328125 0.05
2 0.26953125 0.53828125 0.0140625 0.04140625
2 0.359375 0.5546875 0.0140625 0.0390625
2 0.3984375 0.5265625 0.0140625 0.0390625
2 0.43359375 0.57734375 0.0125 0.0390625
2 0.4890625 0.59140625 0.01484375 0.0484375
2 0.46015625 0.5328125 0.0203125 0.03828125
2 0.5453125 0.50390625 0.01015625 0.02421875
2 0.53046875 0.55390625 0.0140625 0.0453125
2 0.55546875 0.56875 0.015625 0.04765625
2 0.60078125 0.6640625 0.01953125 0.0578125
2 0.69609375 0.61796875 0.0140625 0.05546875
2 0.64609375 0.5625 0.02109375 0.04375
2 0.6203125 0.54609375 0.01171875 0.04609375
2 0.61484375 0.5171875 0.0125 0.028125