0 0.45703125 0.53203125 0.0140625 0.01875
3 0.4890625 0.45234375 0.0234375 0.0578125
3 0.92265625 0.8625 0.02734375 0.08828125
3 0.23125 0.35390625 0.01328125 0.04453125
2 0.05078125 0.6765625 0.01953125 0.08046875
2 0.09375 0.54140625 0.01640625 0.07109375
2 0.17734375 0.51015625 0.01328125 0.06328125
2 0.18125 0.46171875 0.01640625 0.059375
2 0.38828125 0.7765625 0.01953125 0.0859375
2 0.471875 0.5734375 0.028125 0.0578125
2 0.49453125 0.58359375 0.01640625 0.071875
2 0.51171875 0.51640625 0.02421875 0.0734375
2 0.53203125 0.58828125 0.01328125 0.0609375
2 0.6625 0.675 0.02578125 0.0875
2 0.81875 0.646875 0.021875 0.07421875
2 0.75 0.51796875 0.01484375 0.06953125
2 0.68046875 0.509375 0.01484375 0.06171875
2 0.51484375 0.4453125 0.01953125 0.0640625
2 0.50546875 0.390625 0.01171875 0.05390625
2 0.5328125 0.40390625 0.01953125 0.0453125
2 0.6171875 0.4296875 0.01484375 0.05703125
2 0.66875 0.48046875 0.015625 0.0515625
2 0.7203125 0.4375 0.01484375 0.0640625
2 0.734375 0.484375 0.01171875 0.0671875