0 0.46875 0.515625 0.0109375 0.02109375
2 0.16640625 0.4828125 0.0171875 0.096875
2 0.18984375 0.33984375 0.0171875 0.0734375
2 0.46796875 0.46796875 0.02421875 0.0796875
2 0.50234375 0.40234375 0.01875 0.0796875
2 0.49140625 0.30078125 0.01953125 0.0609375
2 0.5609375 0.35078125 0.01953125 0.0734375
2 0.534375 0.471875 0.03203125 0.090625
2 0.5078125 0.47890625 0.025 0.09453125
2 0.56875 0.5875 0.0375 0.09609375
2 0.64453125 0.63671875 0.03125 0.11328125
2 0.678125 0.475 0.02578125 0.08203125
2 0.771875 0.32734375 0.02109375 0.0734375
2 0.73125 0.45390625 0.0265625 0.09453125
2 0.75546875 0.51640625 0.01875 0.11328125
2 0.90703125 0.440625 0.040625 0.09609375
2 0.95546875 0.54140625 0.03046875 0.11640625
3 0.434375 0.3859375 0.02734375 0.0796875
3 0.1328125 0.278125 0.01875 0.06328125