0 0.48046875 0.415625 0.01171875 0.02265625
3 0.47265625 0.32421875 0.01484375 0.05078125
3 0.23046875 0.2 0.0140625 0.046875
2 0.0703125 0.5765625 0.01953125 0.0796875
2 0.08203125 0.465625 0.0171875 0.06796875
2 0.12890625 0.365625 0.01796875 0.0640625
2 0.2328125 0.3734375 0.01328125 0.05390625
2 0.2734375 0.2375 0.01484375 0.04765625
2 0.4390625 0.4125 0.01875 0.06796875
2 0.50859375 0.25625 0.01796875 0.04296875
2 0.51640625 0.284375 0.01171875 0.0515625
2 0.49921875 0.38359375 0.01796875 0.0671875
2 0.4875 0.48515625 0.01796875 0.07734375
2 0.4921875 0.64453125 0.021875 0.084375
2 0.5140625 0.47109375 0.02109375 0.06796875
2 0.609375 0.34609375 0.01953125 0.05078125
2 0.60859375 0.459375 0.0296875 0.06328125
2 0.5703125 0.57734375 0.02578125 0.08984375
2 0.675 0.396875 0.01953125 0.07421875
2 0.73671875 0.2765625 0.01796875 0.06328125
2 0.81875 0.56484375 0.02265625 0.08203125
2 0.83203125 0.35 0.01953125 0.07421875
2 0.875 0.41875 0.01875 0.08203125