0 0.4953125 0.44921875 0.00859375 0.0265625
3 0.7078125 0.58046875 0.034375 0.1109375
3 0.24609375 0.1625 0.01953125 0.0578125
2 0.0828125 0.68359375 0.03046875 0.125
2 0.1390625 0.46796875 0.02421875 0.10234375
2 0.134375 0.3625 0.0203125 0.08828125
2 0.1921875 0.278125 0.01953125 0.07421875
2 0.36640625 0.41015625 0.0296875 0.0859375
2 0.40078125 0.34375 0.02734375 0.078125
2 0.4390625 0.3890625 0.0203125 0.0859375
2 0.5078125 0.25390625 0.0203125 0.05078125
2 0.51171875 0.30078125 0.0234375 0.07578125
2 0.49765625 0.42265625 0.02734375 0.0921875
2 0.5546875 0.49765625 0.0234375 0.08828125
2 0.50234375 0.79609375 0.040625 0.12734375
2 0.56953125 0.6625 0.0328125 0.1125
2 0.66015625 0.3453125 0.01640625 0.084375
2 0.79296875 0.42578125 0.0125 0.0984375
2 0.84375 0.215625 0.015625 0.078125
2 0.5828125 0.34921875 0.0328125 0.06953125