0 0.50859375 0.49140625 0.0125 0.0171875
3 0.4328125 0.434375 0.01875 0.0546875
3 0.5375 0.8703125 0.028125 0.1296875
3 0.271875 0.36171875 0.00859375 0.03828125
2 0.5609375 0.86328125 0.03359375 0.12734375
2 0.4890625 0.753125 0.021875 0.11484375
2 0.0578125 0.70625 0.028125 0.11015625
2 0.14453125 0.503125 0.015625 0.075
2 0.18046875 0.4421875 0.0140625 0.0625
2 0.25234375 0.48828125 0.0171875 0.07421875
2 0.26953125 0.40078125 0.01171875 0.05
2 0.38125 0.46875 0.015625 0.06484375
2 0.4984375 0.46953125 0.01484375 0.059375
2 0.50234375 0.42578125 0.01328125 0.05078125
2 0.4984375 0.38125 0.01015625 0.03828125
2 0.525 0.40703125 0.0140625 0.05078125
2 0.52421875 0.59921875 0.025 0.090625
2 0.64140625 0.3875 0.0109375 0.04375
2 0.62578125 0.44765625 0.01484375 0.0625
2 0.665625 0.46953125 0.01484375 0.065625
2 0.78671875 0.44609375 0.015625 0.059375
2 0.834375 0.4921875 0.01953125 0.06484375
2 0.871875 0.63828125 0.025 0.0890625