1 0.046875 0.54609375 0.015625 0.04375
3 0.80234375 0.72734375 0.0140625 0.05546875
3 0.528125 0.58359375 0.0140625 0.04140625
3 0.3546875 0.46953125 0.0109375 0.03125
2 0.29140625 0.625 0.0140625 0.04296875
2 0.50625 0.65625 0.01484375 0.05234375
2 0.71484375 0.66953125 0.01171875 0.0546875
2 0.67734375 0.56953125 0.0140625 0.040625
2 0.64140625 0.55703125 0.01171875 0.04375
2 0.6875 0.5265625 0.01171875 0.03828125
2 0.59921875 0.4828125 0.00859375 0.0296875
2 0.57109375 0.534375 0.01171875 0.0375
2 0.5546875 0.5703125 0.01171875 0.04453125
2 0.5203125 0.4984375 0.01015625 0.0265625
2 0.5046875 0.59453125 0.0140625 0.04140625
2 0.521875 0.5671875 0.01484375 0.03828125
2 0.4203125 0.58125 0.0140625 0.040625
2 0.2796875 0.56953125 0.0109375 0.04296875
2 0.31015625 0.528125 0.0140625 0.040625
2 0.40390625 0.5515625 0.01640625 0.04375
2 0.43203125 0.5296875 0.0140625 0.03984375
2 0.45859375 0.509375 0.01015625 0.03515625
2 0.4859375 0.54921875 0.01171875 0.040625
0 0.6234375 0.5703125 0.009375 0.01953125