2 0.7015625 0.59921875 0.03046875 0.125
2 0.4625 0.96484375 0.04375 0.0703125
2 0.37578125 0.93984375 0.028125 0.1203125
2 0.328125 0.5984375 0.034375 0.11640625
2 0.24140625 0.4703125 0.02734375 0.0921875
2 0.02421875 0.421875 0.025 0.11328125
2 0.18515625 0.26484375 0.0203125 0.07578125
2 0.33203125 0.40703125 0.03515625 0.0875
2 0.41640625 0.31953125 0.021875 0.08359375
2 0.51015625 0.271875 0.01953125 0.071875
2 0.4921875 0.48671875 0.03984375 0.0875
2 0.6734375 0.4703125 0.01640625 0.1
2 0.62578125 0.19765625 0.01640625 0.059375
2 0.87734375 0.340625 0.0234375 0.09609375
2 0.525 0.61328125 0.04140625 0.11484375
3 0.90390625 0.68203125 0.03125 0.12890625
3 0.1484375 0.1796875 0.01640625 0.059375
0 0.57265625 0.5046875 0.01328125 0.028125