0 0.434375 0.5671875 0.01484375 0.03125
3 0.40234375 0.43046875 0.028125 0.09609375
3 0.078125 0.2328125 0.01796875 0.0671875
2 0.17890625 0.33515625 0.034375 0.0875
2 0.215625 0.5421875 0.02421875 0.096875
2 0.503125 0.515625 0.028125 0.11015625
2 0.5 0.321875 0.0203125 0.07578125
2 0.5109375 0.3796875 0.01796875 0.08359375
2 0.625 0.4328125 0.0265625 0.09609375
2 0.484375 0.66015625 0.04296875 0.11328125
2 0.51640625 0.5375 0.03125 0.09375
2 0.584375 0.85625 0.03984375 0.13671875
2 0.671875 0.67578125 0.0234375 0.11875
2 0.78671875 0.5265625 0.02890625 0.11640625
2 0.8578125 0.384375 0.025 0.07421875