2 0.1578125 0.36640625 0.0140625 0.090625
2 0.16015625 0.51875 0.02109375 0.10859375
2 0.2171875 0.31015625 0.0171875 0.08984375
2 0.28125 0.2125 0.01328125 0.0671875
3 0.290625 0.134375 0.01640625 0.04921875
3 0.58203125 0.490625 0.02890625 0.096875
2 0.26796875 0.34453125 0.01953125 0.0859375
2 0.28671875 0.37578125 0.0234375 0.0796875
2 0.340625 0.2921875 0.02109375 0.0796875
2 0.4609375 0.21640625 0.021875 0.06171875
2 0.49921875 0.16640625 0.01875 0.05390625
2 0.46015625 0.51796875 0.02890625 0.10234375
2 0.515625 0.46640625 0.02734375 0.08984375
2 0.49296875 0.43046875 0.025 0.10390625
2 0.49609375 0.34296875 0.02421875 0.0671875
2 0.50625 0.309375 0.0203125 0.06796875
0 0.53046875 0.36171875 0.01640625 0.02109375
2 0.709375 0.32265625 0.0171875 0.08203125
2 0.78203125 0.3953125 0.02265625 0.10078125
2 0.88671875 0.23984375 0.01640625 0.07578125
2 0.8671875 0.7484375 0.03359375 0.13359375