0 0.45859375 0.5859375 0.0125 0.02265625
3 0.48828125 0.6921875 0.025 0.07734375
3 0.246875 0.41328125 0.01328125 0.046875
3 0.98046875 0.9140625 0.03203125 0.0859375
2 0.88984375 0.73203125 0.0203125 0.08828125
2 0.81484375 0.596875 0.02578125 0.07421875
2 0.7578125 0.55859375 0.01796875 0.06953125
2 0.73828125 0.50546875 0.01484375 0.05703125
2 0.66875 0.56875 0.0171875 0.0671875
2 0.59609375 0.49140625 0.0171875 0.06953125
2 0.52109375 0.5703125 0.0140625 0.0671875
2 0.51171875 0.5609375 0.015625 0.06953125
2 0.67890625 0.52734375 0.015625 0.05703125
2 0.60078125 0.65 0.01796875 0.07578125
2 0.5828125 0.71171875 0.01953125 0.071875
2 0.51640625 0.6546875 0.01953125 0.07421875
2 0.40546875 0.5140625 0.01484375 0.06328125
2 0.34375 0.57265625 0.01484375 0.0640625
2 0.3265625 0.6296875 0.0140625 0.0671875
2 0.28359375 0.5671875 0.0125 0.065625
2 0.15234375 0.70390625 0.015625 0.0796875
2 0.12734375 0.58359375 0.01796875 0.0640625
2 0.23046875 0.52421875 0.01171875 0.0609375
2 0.2953125 0.5078125 0.01484375 0.053125