2 0.16171875 0.68203125 0.02734375 0.1265625
2 0.153125 0.45859375 0.02734375 0.09453125
2 0.07890625 0.32421875 0.01953125 0.0734375
2 0.4015625 0.315625 0.01953125 0.0609375
2 0.30703125 0.42421875 0.03984375 0.08046875
2 0.24609375 0.52578125 0.02890625 0.1125
2 0.4703125 0.46171875 0.028125 0.0921875
2 0.4953125 0.44375 0.021875 0.0875
2 0.49140625 0.309375 0.01640625 0.0609375
2 0.7453125 0.2890625 0.01796875 0.06796875
2 0.7078125 0.43671875 0.01953125 0.09375
2 0.80703125 0.52109375 0.02578125 0.12109375
2 0.95703125 0.3796875 0.02421875 0.096875
2 0.51953125 0.56953125 0.03828125 0.1109375
2 0.61328125 0.80625 0.03515625 0.14765625
3 0.5859375 0.58359375 0.03359375 0.1046875
0 0.50234375 0.47734375 0.00859375 0.01640625