0 0.4734375 0.471875 0.009375 0.01796875
3 0.4390625 0.37734375 0.0171875 0.053125
3 0.23984375 0.278125 0.0125 0.04296875
3 0.9921875 0.88359375 0.015625 0.10234375
2 0.63984375 0.6359375 0.0203125 0.07734375
2 0.47734375 0.68984375 0.01171875 0.08203125
2 0.3875 0.625 0.01640625 0.07109375
2 0.17578125 0.6 0.02109375 0.071875
2 0.15625 0.48046875 0.02109375 0.071875
2 0.1609375 0.40703125 0.01484375 0.059375
2 0.225 0.35859375 0.0125 0.05546875
2 0.3171875 0.453125 0.015625 0.065625
2 0.425 0.89609375 0.0203125 0.0921875
2 0.58828125 0.49765625 0.02265625 0.0609375
2 0.4734375 0.39140625 0.0140625 0.05546875
2 0.49453125 0.45390625 0.01953125 0.05703125
2 0.48359375 0.34375 0.01015625 0.0453125
2 0.6109375 0.509375 0.01484375 0.06953125
2 0.6359375 0.503125 0.01796875 0.0640625
2 0.6765625 0.4515625 0.01640625 0.05390625
2 0.73671875 0.33515625 0.0125 0.05390625
2 0.7609375 0.421875 0.0125 0.0578125
2 0.80859375 0.490625 0.0171875 0.07734375
2 0.84375 0.5890625 0.015625 0.071875
2 0.48984375 0.38828125 0.01328125 0.046875