3 0.89453125 0.88359375 0.0296875 0.09375
3 0.225 0.33671875 0.0171875 0.053125
3 0.43515625 0.43203125 0.01953125 0.06484375
2 0.1109375 0.66796875 0.01953125 0.0859375
2 0.10390625 0.540625 0.01640625 0.07890625
2 0.12734375 0.46171875 0.01640625 0.071875
2 0.2171875 0.425 0.01953125 0.06328125
2 0.296875 0.5125 0.0140625 0.07421875
2 0.4 0.4578125 0.015625 0.065625
2 0.4671875 0.41171875 0.015625 0.05546875
2 0.46328125 0.575 0.021875 0.07421875
0 0.46796875 0.52890625 0.0125 0.02109375
2 0.48828125 0.6734375 0.01953125 0.08359375
2 0.51796875 0.6046875 0.01796875 0.065625
2 0.5015625 0.50078125 0.02421875 0.0703125
2 0.49609375 0.45625 0.0234375 0.0390625
2 0.5984375 0.41015625 0.01875 0.059375
2 0.646875 0.48125 0.02421875 0.06328125
2 0.65546875 0.5421875 0.01484375 0.07265625
2 0.68671875 0.68828125 0.021875 0.090625
2 0.71328125 0.4453125 0.01953125 0.06015625
2 0.721875 0.49609375 0.01953125 0.0703125
2 0.73828125 0.54765625 0.0171875 0.07890625
2 0.79453125 0.64140625 0.0234375 0.084375