0 0.3515625 0.534375 0.01640625 0.02421875
3 0.34609375 0.43984375 0.0203125 0.07421875
2 0.17109375 0.6390625 0.0203125 0.090625
2 0.09453125 0.5046875 0.01796875 0.0859375
2 0.1671875 0.42578125 0.01640625 0.071875
2 0.29375 0.48828125 0.021875 0.06953125
2 0.41015625 0.60234375 0.02421875 0.08046875
2 0.36171875 0.76328125 0.0390625 0.096875
2 0.4515625 0.56484375 0.02265625 0.071875
2 0.4703125 0.45546875 0.02109375 0.05078125
2 0.484375 0.50078125 0.0265625 0.0875
2 0.46796875 0.59375 0.01953125 0.08046875
2 0.496875 0.68515625 0.046875 0.0875
2 0.73828125 0.71171875 0.0296875 0.10234375
2 0.88984375 0.65 0.03203125 0.09453125
2 0.93125 0.50859375 0.0234375 0.0859375
2 0.846875 0.45625 0.0203125 0.084375
2 0.7140625 0.5203125 0.0203125 0.0734375
2 0.67890625 0.40390625 0.01953125 0.06796875
2 0.47734375 0.36640625 0.01171875 0.059375