2 0.08671875 0.7359375 0.02734375 0.11640625
2 0.078125 0.590625 0.015625 0.07578125
2 0.21171875 0.49296875 0.015625 0.059375
2 0.2765625 0.56328125 0.0140625 0.07109375
2 0.3421875 0.5265625 0.01328125 0.0609375
2 0.3765625 0.4625 0.0140625 0.046875
2 0.4828125 0.48046875 0.01328125 0.05390625
2 0.403125 0.6515625 0.021875 0.08359375
2 0.49609375 0.54375 0.0171875 0.06171875
2 0.4953125 0.48359375 0.01171875 0.05078125
2 0.5171875 0.51015625 0.01171875 0.04296875
2 0.5 0.60078125 0.02421875 0.07109375
2 0.5546875 0.69375 0.02421875 0.0921875
2 0.634375 0.5765625 0.01796875 0.06171875
2 0.659375 0.53203125 0.01171875 0.05703125
2 0.71171875 0.50234375 0.01328125 0.05078125
2 0.74765625 0.5578125 0.0125 0.0609375
2 0.75390625 0.53125 0.015625 0.06171875
2 0.79296875 0.57890625 0.01484375 0.071875
3 0.50234375 0.496875 0.0125 0.04453125
3 0.26875 0.4421875 0.01171875 0.0453125
0 0.47734375 0.56640625 0.009375 0.02109375