3 0.13125 0.48046875 0.03359375 0.11015625
2 0.07109375 0.75625 0.05546875 0.1390625
2 0.0953125 0.6875 0.03203125 0.1328125
2 0.159375 0.60703125 0.0390625 0.1234375
2 0.20703125 0.50390625 0.03671875 0.1109375
2 0.3421875 0.93515625 0.03515625 0.1296875
2 0.41796875 0.93515625 0.04140625 0.1296875
2 0.4765625 0.6734375 0.04296875 0.12734375
2 0.36328125 0.45234375 0.02734375 0.096875
2 0.37890625 0.4328125 0.01796875 0.08359375
2 0.40625 0.34765625 0.03515625 0.084375
2 0.465625 0.4 0.03125 0.096875
2 0.5078125 0.5171875 0.040625 0.11484375