0 0.703125 0.31484375 0.0125 0.02421875
3 0.5140625 0.5390625 0.028125 0.10078125
2 0.03359375 0.5078125 0.034375 0.11640625
2 0.1625 0.35703125 0.02421875 0.0875
2 0.309375 0.51796875 0.04921875 0.10390625
2 0.5078125 0.3703125 0.02734375 0.10234375
2 0.77734375 0.37890625 0.03671875 0.090625
2 0.796875 0.44765625 0.04609375 0.096875
2 0.690625 0.55390625 0.03671875 0.11875
2 0.3703125 0.62421875 0.0453125 0.11484375
2 0.3609375 0.78828125 0.02890625 0.1375
2 0.42578125 0.7515625 0.0234375 0.1328125
2 0.61796875 0.784375 0.04609375 0.1578125