0 0.896875 0.696875 0.0203125 0.03046875
3 0.915625 0.865625 0.0421875 0.1453125
2 0.85703125 0.64296875 0.028125 0.1296875
2 0.71328125 0.490625 0.046875 0.12265625
2 0.621875 0.3375 0.01875 0.1
2 0.03515625 0.8640625 0.03125 0.14765625
2 0.196875 0.69453125 0.03671875 0.1390625
2 0.346875 0.7421875 0.03046875 0.14921875
2 0.41640625 0.5578125 0.0359375 0.11484375
2 0.15546875 0.159375 0.02421875 0.07734375
2 0.51171875 0.121875 0.02265625 0.0921875
2 0.5515625 0.09375 0.02421875 0.090625
2 0.56015625 0.271875 0.0359375 0.10703125
3 0.30625 0.309375 0.0453125 0.10390625