0 0.421875 0.3265625 0.0140625 0.02890625
2 0.01640625 0.47734375 0.0328125 0.1265625
2 0.13984375 0.51875 0.0390625 0.12890625
2 0.2359375 0.43359375 0.03046875 0.12734375
2 0.215625 0.534375 0.03046875 0.14140625
2 0.27421875 0.56484375 0.0359375 0.1203125
2 0.34296875 0.48671875 0.02890625 0.125
2 0.35703125 0.42890625 0.01953125 0.07109375
2 0.4078125 0.546875 0.034375 0.1234375
2 0.43515625 0.55390625 0.03203125 0.1296875
2 0.46875 0.5109375 0.04140625 0.12265625
2 0.51640625 0.6359375 0.0375 0.15546875
2 0.621875 0.52890625 0.0328125 0.11640625
1 0.76015625 0.50859375 0.04609375 0.1046875