0 0.646875 0.53125 0.01328125 0.02265625
2 0.721875 0.7796875 0.0328125 0.1375
2 0.63359375 0.6140625 0.04140625 0.1203125
2 0.61953125 0.50546875 0.03203125 0.0921875
2 0.484375 0.4828125 0.025 0.10234375
2 0.43984375 0.52734375 0.03203125 0.1046875
2 0.46171875 0.47109375 0.02421875 0.10390625
2 0.4375 0.4125 0.0296875 0.084375
2 0.378125 0.41796875 0.03046875 0.09375
2 0.34140625 0.465625 0.01640625 0.1109375
2 0.3546875 0.45859375 0.01796875 0.09453125
2 0.353125 0.54609375 0.021875 0.1046875
2 0.24140625 0.50859375 0.021875 0.10703125
2 0.0640625 0.34375 0.034375 0.08984375
2 0.07109375 0.46796875 0.02265625 0.1046875
2 0.0890625 0.578125 0.025 0.11875
3 0.05859375 0.41796875 0.0296875 0.08046875
1 0.6453125 0.38984375 0.03984375 0.0734375