0 0.4703125 0.4015625 0.01171875 0.0203125
2 0.20859375 0.7640625 0.03515625 0.11875
2 0.27109375 0.6015625 0.04140625 0.11484375
2 0.38671875 0.45 0.0296875 0.1
2 0.46796875 0.3734375 0.0296875 0.07109375
2 0.53125 0.35 0.0296875 0.0796875
2 0.56875 0.29921875 0.03671875 0.065625
2 0.540625 0.2984375 0.025 0.06171875
2 0.73125 0.35859375 0.02734375 0.0859375
2 0.6140625 0.6671875 0.03984375 0.10234375
2 0.4734375 0.725 0.0328125 0.11484375
2 0.7796875 0.36640625 0.02578125 0.08828125
2 0.9765625 0.45703125 0.03828125 0.10390625
2 0.75859375 0.4609375 0.04140625 0.09375
3 0.76484375 0.57890625 0.03984375 0.11015625
3 0.59375 0.25546875 0.01953125 0.07421875