2 0.3609375 0.6390625 0.03984375 0.14609375
2 0.440625 0.584375 0.04453125 0.10859375
2 0.53046875 0.6390625 0.04765625 0.1640625
2 0.57421875 0.54453125 0.03828125 0.1328125
2 0.65234375 0.5359375 0.03671875 0.1296875
2 0.5734375 0.75234375 0.03515625 0.1515625
2 0.6875 0.590625 0.0375 0.11875
2 0.69140625 0.6921875 0.04296875 0.14375
2 0.74765625 0.6296875 0.03671875 0.153125
2 0.7890625 0.5796875 0.0390625 0.1515625
2 0.909375 0.5421875 0.03671875 0.13515625
2 0.95078125 0.503125 0.0328125 0.1375
2 0.9796875 0.59375 0.034375 0.1328125
2 0.90625 0.7421875 0.04296875 0.159375
3 0.67890625 0.82421875 0.05703125 0.15625
1 0.3453125 0.5125 0.0515625 0.1234375