0 0.58671875 0.70390625 0.01796875 0.0265625
1 0.63203125 0.3359375 0.02265625 0.08046875
3 0.17578125 0.5390625 0.021875 0.065625
2 0.13984375 0.3984375 0.01953125 0.09453125
2 0.10859375 0.54453125 0.0234375 0.11328125
2 0.040625 0.96015625 0.0390625 0.0796875
2 0.203125 0.9046875 0.03515625 0.153125
2 0.16796875 0.61015625 0.0296875 0.11328125
2 0.17421875 0.44140625 0.0328125 0.0921875
2 0.29609375 0.403125 0.028125 0.09375
2 0.2921875 0.4859375 0.03203125 0.10390625
2 0.359375 0.540625 0.02890625 0.10078125
2 0.4578125 0.525 0.04765625 0.1
2 0.52109375 0.67578125 0.034375 0.11328125
2 0.57265625 0.6578125 0.0359375 0.11640625
2 0.59921875 0.6234375 0.04765625 0.10859375
2 0.6734375 0.66953125 0.03515625 0.11015625
2 0.7421875 0.6734375 0.03046875 0.1328125
2 0.7984375 0.70234375 0.0328125 0.1296875
3 0.98828125 0.87421875 0.0234375 0.1578125