0 0.53828125 0.51875 0.01796875 0.025
3 0.496875 0.3921875 0.021875 0.0796875
3 0.04765625 0.2546875 0.01953125 0.0515625
2 0.1140625 0.54140625 0.025 0.0859375
2 0.203125 0.34765625 0.02265625 0.06953125
2 0.15 0.55390625 0.02734375 0.0859375
2 0.23125 0.62734375 0.02109375 0.08359375
2 0.290625 0.69921875 0.021875 0.09375
2 0.32109375 0.46171875 0.02265625 0.08203125
2 0.3453125 0.334375 0.01875 0.0609375
2 0.51171875 0.2421875 0.01171875 0.0578125
2 0.45546875 0.3828125 0.01796875 0.06796875
2 0.45078125 0.45390625 0.02265625 0.071875
2 0.3890625 0.521875 0.0171875 0.08203125
2 0.40234375 0.55390625 0.0484375 0.04140625
2 0.565625 0.36015625 0.01953125 0.0734375
2 0.5578125 0.4984375 0.02578125 0.07734375
2 0.6375 0.4359375 0.0203125 0.08046875
2 0.678125 0.49921875 0.02265625 0.084375
2 0.66328125 0.5078125 0.02109375 0.08359375
2 0.57421875 0.6078125 0.028125 0.08984375
2 0.72265625 0.62265625 0.02734375 0.090625
2 0.48671875 0.84375 0.02421875 0.10625