0 0.5625 0.42734375 0.01171875 0.02109375
1 0.0921875 0.43828125 0.028125 0.10859375
3 0.209375 0.2578125 0.0234375 0.0859375
3 0.684375 0.7125 0.04296875 0.1234375
3 0.78828125 0.22265625 0.034375 0.08203125
2 0.25703125 0.69375 0.0390625 0.13515625
2 0.359375 0.63515625 0.04296875 0.12109375
2 0.45 0.525 0.03515625 0.10625
2 0.56015625 0.4125 0.04375 0.08203125
2 0.59296875 0.38515625 0.03515625 0.08359375
2 0.6171875 0.46328125 0.04921875 0.10859375
2 0.6125 0.58046875 0.03203125 0.1125
2 0.56484375 0.73515625 0.0484375 0.12109375
2 0.60078125 0.88671875 0.04140625 0.14921875
2 0.6859375 0.4984375 0.03671875 0.10078125
2 0.765625 0.53046875 0.02890625 0.0609375
2 0.790625 0.5046875 0.02890625 0.11484375
2 0.86328125 0.29765625 0.04140625 0.0859375
2 0.87578125 0.44921875 0.0234375 0.0984375
2 0.90625 0.5015625 0.02734375 0.10625
2 0.90625 0.60546875 0.0390625 0.12734375