1 0.75078125 0.309375 0.02578125 0.08828125
3 0.36328125 0.46953125 0.040625 0.10859375
2 0.19609375 0.36484375 0.02265625 0.10078125
2 0.159375 0.59921875 0.034375 0.1296875
2 0.23828125 0.45234375 0.02265625 0.11328125
2 0.2921875 0.45390625 0.02890625 0.10703125
2 0.3484375 0.8609375 0.0375 0.18203125
2 0.37890625 0.88046875 0.02734375 0.178125
2 0.2984375 0.37109375 0.021875 0.09375
2 0.371875 0.32421875 0.0203125 0.084375
2 0.4515625 0.346875 0.025 0.0859375
2 0.51875 0.36640625 0.0359375 0.090625
2 0.6859375 0.42578125 0.02734375 0.10234375
2 0.865625 0.49609375 0.03515625 0.11328125
2 0.95703125 0.47421875 0.03515625 0.11015625
2 0.9796875 0.64765625 0.03828125 0.13671875