0 0.30078125 0.5625 0.0140625 0.02109375
1 0.1671875 0.36015625 0.03515625 0.078125
2 0.24453125 0.6421875 0.0375 0.11484375
2 0.31953125 0.540625 0.03125 0.09609375
2 0.38046875 0.49296875 0.04453125 0.09453125
2 0.7203125 0.39609375 0.02578125 0.09375
2 0.69140625 0.55078125 0.03671875 0.10078125
2 0.64453125 0.6046875 0.028125 0.10625
2 0.31796875 0.68515625 0.03515625 0.12265625
2 0.40625 0.796875 0.03984375 0.14375
2 0.50859375 0.77109375 0.02890625 0.12109375
2 0.73984375 0.83203125 0.03203125 0.13359375
2 0.61953125 0.97109375 0.0390625 0.0578125
2 0.975 0.95078125 0.03359375 0.0984375
3 0.7796875 0.66328125 0.046875 0.1125
3 0.82890625 0.1390625 0.01953125 0.06328125