3 0.05546875 0.32265625 0.03125 0.0921875
2 0.0640625 0.53984375 0.0515625 0.1125
2 0.0890625 0.365625 0.03515625 0.10703125
2 0.15625 0.278125 0.03515625 0.08203125
2 0.13203125 0.26015625 0.0265625 0.06796875
2 0.21875 0.3859375 0.03046875 0.0875
2 0.290625 0.25546875 0.03046875 0.06953125
2 0.28203125 0.32109375 0.028125 0.090625
2 0.25859375 0.5984375 0.0421875 0.12109375
2 0.403125 0.24375 0.0203125 0.053125
2 0.403125 0.27578125 0.02578125 0.08203125
2 0.42421875 0.32578125 0.02890625 0.0984375
2 0.46484375 0.42734375 0.03515625 0.10703125
2 0.57265625 0.53671875 0.0421875 0.11875
2 0.4859375 0.71328125 0.04296875 0.13359375