0 0.37265625 0.31328125 0.0125 0.02265625
3 0.20546875 0.32734375 0.02890625 0.1328125
2 0.0234375 0.3671875 0.034375 0.1265625
2 0.38671875 0.246875 0.02890625 0.0875
2 0.2828125 0.453125 0.0296875 0.13125
2 0.20625 0.48515625 0.03671875 0.1375
2 0.49296875 0.3171875 0.03046875 0.1375
2 0.48203125 0.46328125 0.034375 0.1515625
2 0.50703125 0.4125 0.0296875 0.1453125
2 0.55625 0.58046875 0.04296875 0.14375
2 0.578125 0.4703125 0.025 0.1203125
2 0.5875 0.39296875 0.0296875 0.07109375
2 0.615625 0.38515625 0.034375 0.11328125
1 0.8875 0.36796875 0.02578125 0.1296875