2 0.07265625 0.76796875 0.0296875 0.12734375
2 0.19453125 0.7140625 0.028125 0.1171875
2 0.2453125 0.784375 0.04921875 0.1109375
2 0.2921875 0.74375 0.0359375 0.1109375
2 0.5234375 0.6125 0.0203125 0.09609375
2 0.61328125 0.5453125 0.02109375 0.08046875
2 0.63671875 0.56953125 0.03671875 0.0859375
2 0.67890625 0.54140625 0.03828125 0.07109375
2 0.5984375 0.8015625 0.025 0.1390625
2 0.728125 0.9 0.0328125 0.1453125
2 0.74609375 0.578125 0.02109375 0.09375
2 0.76953125 0.61640625 0.01953125 0.0984375
2 0.8046875 0.53359375 0.02734375 0.071875
2 0.8265625 0.54609375 0.03125 0.0796875
1 0.5671875 0.503125 0.03046875 0.06953125
3 0.646875 0.67265625 0.021875 0.1109375