1 0.65625 0.475 0.03046875 0.0875
2 0.12578125 0.55078125 0.02734375 0.11015625
2 0.18046875 0.60625 0.01796875 0.10078125
2 0.26484375 0.5234375 0.0265625 0.1
2 0.34609375 0.49140625 0.03828125 0.08984375
2 0.41171875 0.6515625 0.025 0.10859375
2 0.4015625 0.48515625 0.02578125 0.09375
2 0.4375 0.4796875 0.02421875 0.09375
2 0.54375 0.4859375 0.025 0.0859375
2 0.4890625 0.45859375 0.02890625 0.08359375
2 0.4609375 0.49921875 0.0234375 0.08984375
2 0.478125 0.50625 0.01875 0.10390625
2 0.49375 0.525 0.0234375 0.09609375
2 0.51484375 0.5375 0.02734375 0.1
2 0.53125 0.56328125 0.021875 0.11328125
2 0.5609375 0.60078125 0.0296875 0.1109375