0 0.39765625 0.4171875 0.01484375 0.0265625
1 0.334375 0.5078125 0.0375 0.10859375
3 0.51015625 0.41953125 0.03125 0.1046875
3 0.1546875 0.8734375 0.0625 0.18828125
2 0.325 0.86640625 0.04453125 0.1890625
2 0.31640625 0.7359375 0.03671875 0.12109375
2 0.36796875 0.6890625 0.04296875 0.15625
2 0.403125 0.69921875 0.03984375 0.1640625
2 0.44375 0.65 0.03515625 0.159375
2 0.425 0.55703125 0.05078125 0.12890625
2 0.53515625 0.5796875 0.034375 0.13125
2 0.6953125 0.54765625 0.0390625 0.1328125
2 0.71875 0.5359375 0.0328125 0.13984375
2 0.8671875 0.575 0.03359375 0.15546875
2 0.96484375 0.709375 0.053125 0.171875
2 0.88203125 0.89296875 0.04375 0.20546875
2 0.9703125 0.5015625 0.03515625 0.12734375