0 0.56640625 0.59609375 0.015625 0.025
1 0.3421875 0.5265625 0.03515625 0.08359375
2 0.24296875 0.6625 0.0359375 0.1296875
2 0.34296875 0.69453125 0.03515625 0.1265625
2 0.4703125 0.59296875 0.03984375 0.1203125
2 0.51484375 0.58203125 0.0296875 0.0984375
2 0.50703125 0.70625 0.03359375 0.1375
2 0.5890625 0.64375 0.03046875 0.11640625
2 0.60625 0.528125 0.02734375 0.10078125
2 0.64453125 0.53359375 0.028125 0.08984375
2 0.78984375 0.4765625 0.02734375 0.1
2 0.88203125 0.56328125 0.02734375 0.12109375
2 0.8203125 0.734375 0.02890625 0.13984375
3 0.628125 0.73046875 0.0421875 0.14296875