0 0.51328125 0.28515625 0.0140625 0.028125
2 0.528125 0.24375 0.03359375 0.11875
2 0.54921875 0.37109375 0.02734375 0.12890625
2 0.475 0.43984375 0.02890625 0.15
2 0.153125 0.56640625 0.03984375 0.17265625
2 0.22578125 0.9234375 0.04140625 0.153125
2 0.40625 0.76953125 0.03984375 0.1703125
2 0.46953125 0.64609375 0.0390625 0.1625
2 0.50703125 0.6515625 0.03515625 0.1765625
2 0.64296875 0.70625 0.05546875 0.178125
2 0.66015625 0.840625 0.0796875 0.17421875
2 0.696875 0.73828125 0.05078125 0.15625
2 0.89140625 0.90859375 0.0453125 0.1828125
2 0.9734375 0.79453125 0.053125 0.184375
3 0.07265625 0.62890625 0.03515625 0.17421875