0 0.553125 0.45390625 0.0109375 0.02109375
3 0.5703125 0.33828125 0.02109375 0.078125
3 0.5171875 0.60703125 0.03515625 0.1109375
3 0.91484375 0.1875 0.0140625 0.0921875
2 0.95625 0.4125 0.040625 0.0875
2 0.85546875 0.30703125 0.0296875 0.078125
2 0.61953125 0.384375 0.04296875 0.084375
2 0.7109375 0.5484375 0.03046875 0.1171875
2 0.57421875 0.45703125 0.01875 0.10078125
2 0.60390625 0.5140625 0.02734375 0.1109375
2 0.50625 0.38984375 0.02421875 0.0453125
2 0.50546875 0.45078125 0.01796875 0.10078125
2 0.696875 0.77109375 0.0453125 0.171875
2 0.465625 0.44765625 0.0265625 0.09453125
2 0.4125 0.43671875 0.02578125 0.090625
2 0.38671875 0.5921875 0.03203125 0.1234375
2 0.34609375 0.57578125 0.034375 0.11875
2 0.3203125 0.4578125 0.02421875 0.0515625
2 0.28125 0.49765625 0.01484375 0.10078125
1 0.30390625 0.475 0.03515625 0.04140625