1 0.1015625 0.28671875 0.0328125 0.10625
2 0.23046875 0.553125 0.03515625 0.12890625
2 0.2546875 0.53359375 0.03046875 0.10703125
2 0.55078125 0.37890625 0.03125 0.11640625
2 0.6875 0.334375 0.0390625 0.10859375
2 0.771875 0.2703125 0.025 0.11328125
2 0.94765625 0.3171875 0.0328125 0.11640625
2 0.728125 0.49296875 0.03359375 0.12734375
2 0.70859375 0.4328125 0.021875 0.10859375
2 0.64921875 0.60859375 0.040625 0.1265625
2 0.95703125 0.63984375 0.04765625 0.1375
3 0.8828125 0.48671875 0.04921875 0.1296875