0 0.63125 0.39765625 0.0109375 0.0203125
3 0.37578125 0.58125 0.0265625 0.1046875
3 0.165625 0.17890625 0.0140625 0.046875
3 0.95234375 0.96875 0.0296875 0.0625
2 0.0359375 0.72109375 0.03671875 0.11328125
2 0.0515625 0.3515625 0.021875 0.0796875
2 0.09296875 0.37578125 0.0265625 0.084375
2 0.21875 0.46484375 0.0171875 0.090625
2 0.2171875 0.6375 0.021875 0.0984375
2 0.23671875 0.4953125 0.0265625 0.08984375
2 0.33671875 0.29375 0.021875 0.07421875
2 0.35703125 0.33359375 0.01796875 0.084375
2 0.39921875 0.4328125 0.0234375 0.08203125
2 0.4234375 0.5671875 0.0328125 0.09609375
2 0.5640625 0.55390625 0.02734375 0.096875
2 0.590625 0.36953125 0.02578125 0.0796875
2 0.6109375 0.4796875 0.021875 0.08828125
2 0.684375 0.3296875 0.03046875 0.08828125
2 0.74609375 0.39296875 0.02734375 0.08359375
2 0.64609375 0.46875 0.02578125 0.08046875
2 0.728125 0.56875 0.03828125 0.1046875