0 0.325 0.55078125 0.01484375 0.02890625
2 0.2796875 0.67890625 0.05 0.1234375
2 0.34140625 0.7578125 0.06328125 0.1234375
2 0.28046875 0.49921875 0.04296875 0.0875
2 0.30078125 0.5171875 0.04140625 0.10234375
2 0.42578125 0.3359375 0.03125 0.10078125
2 0.4859375 0.2515625 0.0265625 0.09453125
2 0.6171875 0.35859375 0.02265625 0.10078125
2 0.62890625 0.225 0.028125 0.0796875
2 0.64296875 0.17265625 0.02109375 0.08046875
2 0.83203125 0.2171875 0.02578125 0.090625
2 0.9515625 0.2375 0.0328125 0.09609375
2 0.9890625 0.34375 0.01953125 0.1046875
2 0.9 0.55390625 0.03046875 0.12890625
2 0.84296875 0.65546875 0.03515625 0.13125
2 0.8734375 0.6453125 0.03515625 0.1234375
3 0.60390625 0.50859375 0.03359375 0.11328125
3 0.703125 0.04765625 0.0203125 0.07421875