3 0.55625 0.596875 0.02890625 0.1296875
3 0.140625 0.4328125 0.025 0.09453125
2 0.1015625 0.63671875 0.0328125 0.1453125
2 0.1609375 0.68046875 0.03515625 0.1515625
2 0.40234375 0.54296875 0.03984375 0.13671875
2 0.459375 0.4828125 0.03359375 0.11484375
2 0.5609375 0.42421875 0.03359375 0.10625
2 0.5953125 0.41953125 0.02734375 0.084375
2 0.6265625 0.44375 0.021875 0.12734375
2 0.64296875 0.44296875 0.028125 0.0984375
2 0.67109375 0.3984375 0.02578125 0.0796875
2 0.76875 0.40625 0.03359375 0.09609375
2 0.80859375 0.4125 0.0265625 0.1109375
2 0.8359375 0.4328125 0.0203125 0.1
2 0.57890625 0.54765625 0.02734375 0.1203125
2 0.51796875 0.65390625 0.03203125 0.1515625