0 0.41171875 0.68828125 0.01484375 0.025
1 0.05 0.4234375 0.0265625 0.1
3 0.81640625 0.66640625 0.0484375 0.1203125
3 0.91640625 0.184375 0.021875 0.07109375
2 0.34375 0.67890625 0.03203125 0.1265625
2 0.46484375 0.59375 0.05 0.1046875
2 0.478125 0.6984375 0.03203125 0.1109375
2 0.66875 0.51484375 0.04296875 0.10703125
2 0.715625 0.55234375 0.04453125 0.09453125
2 0.90546875 0.35234375 0.03828125 0.09375
2 0.86328125 0.60546875 0.05078125 0.12265625
2 0.8625 0.75234375 0.0296875 0.1515625
2 0.7453125 0.734375 0.0328125 0.1328125
2 0.7234375 0.79140625 0.04765625 0.1453125