0 0.6765625 0.49140625 0.01484375 0.03125
2 0.684375 0.49375 0.0453125 0.1234375
2 0.56640625 0.42578125 0.03125 0.11640625
2 0.53125 0.40703125 0.03515625 0.1
2 0.5078125 0.403125 0.03203125 0.11015625
2 0.03203125 0.390625 0.04609375 0.10234375
2 0.240625 0.48515625 0.03515625 0.12734375
2 0.33984375 0.61953125 0.03203125 0.13515625
2 0.43671875 0.67109375 0.034375 0.14765625
2 0.46171875 0.70234375 0.02578125 0.15390625
2 0.52265625 0.5609375 0.05078125 0.12265625
2 0.6328125 0.565625 0.03046875 0.13671875
3 0.28515625 0.4671875 0.03671875 0.12890625