0 0.43828125 0.34140625 0.015625 0.03125
1 0.265625 0.40625 0.0375 0.1109375
3 0.9125 0.6109375 0.04375 0.14921875
2 0.915625 0.3140625 0.0328125 0.1171875
2 0.990625 0.215625 0.01796875 0.12109375
2 0.86015625 0.48203125 0.02734375 0.13515625
2 0.88359375 0.46484375 0.0234375 0.1390625
2 0.7375 0.42265625 0.03515625 0.13515625
2 0.6140625 0.48125 0.02734375 0.14140625
2 0.571875 0.465625 0.04375 0.12890625
2 0.5375 0.53828125 0.03359375 0.17265625
2 0.646875 0.7375 0.046875 0.1640625
2 0.375 0.47890625 0.046875 0.12890625