0 0.70703125 0.42890625 0.01484375 0.025
2 0.2265625 0.5875 0.03359375 0.1203125
2 0.22109375 0.81484375 0.0390625 0.1296875
2 0.39296875 0.41015625 0.0234375 0.08828125
3 0.42578125 0.42890625 0.028125 0.0921875
2 0.43359375 0.39296875 0.01953125 0.0796875
2 0.54296875 0.31015625 0.02734375 0.09453125
2 0.60234375 0.353125 0.0265625 0.10234375
2 0.43359375 0.59765625 0.0375 0.1046875
2 0.66328125 0.59453125 0.028125 0.090625
2 0.6890625 0.58125 0.034375 0.11015625
2 0.78203125 0.5046875 0.03125 0.10625
2 0.815625 0.5453125 0.021875 0.10390625
2 0.81796875 0.446875 0.02421875 0.078125
2 0.8984375 0.75546875 0.0328125 0.1328125