0 0.55546875 0.45078125 0.0125 0.03046875
1 0.91953125 0.50234375 0.034375 0.10390625
2 0.02109375 0.4328125 0.03203125 0.10390625
2 0.0984375 0.346875 0.02421875 0.0984375
2 0.13671875 0.40078125 0.0234375 0.096875
2 0.171875 0.35234375 0.03046875 0.09375
2 0.15234375 0.47421875 0.03515625 0.10703125
2 0.20703125 0.403125 0.02421875 0.10234375
2 0.50390625 0.46796875 0.0328125 0.08984375
2 0.59765625 0.57265625 0.0421875 0.1328125
2 0.65 0.69609375 0.0453125 0.13359375
2 0.68984375 0.55078125 0.0359375 0.125