0 0.5078125 0.4609375 0.01640625 0.0328125
1 0.1484375 0.3375 0.0390625 0.10703125
3 0.7578125 0.5640625 0.03984375 0.14140625
2 0.025 0.84296875 0.05 0.1328125
2 0.2421875 0.61015625 0.02890625 0.15390625
2 0.40078125 0.5 0.02734375 0.12109375
2 0.42890625 0.46875 0.0375 0.1125
2 0.43828125 0.40859375 0.04140625 0.1046875
2 0.4609375 0.39765625 0.06484375 0.1109375
2 0.47734375 0.509375 0.05078125 0.12734375
2 0.58984375 0.4921875 0.04453125 0.12109375
2 0.61484375 0.3078125 0.03359375 0.10703125
2 0.81484375 0.29140625 0.02734375 0.11484375
2 0.82265625 0.40859375 0.03125 0.1125
2 0.88125 0.4 0.04609375 0.11640625
2 0.91484375 0.50859375 0.040625 0.1234375
2 0.5765625 0.6515625 0.04140625 0.14921875
2 0.609375 0.7046875 0.03515625 0.13125