0 0.56484375 0.5890625 0.01171875 0.02421875
1 0.24609375 0.50390625 0.0453125 0.10859375
3 0.37578125 0.6921875 0.03515625 0.1625
3 0.4328125 0.44375 0.03515625 0.08984375
2 0.4859375 0.634375 0.046875 0.1328125
2 0.52734375 0.659375 0.0421875 0.1390625
2 0.56640625 0.546875 0.05703125 0.10625
2 0.6015625 0.6484375 0.0375 0.12265625
2 0.65625 0.63671875 0.03671875 0.12890625
2 0.8171875 0.65 0.04375 0.14609375
2 0.88671875 0.60390625 0.0453125 0.1234375
2 0.88671875 0.559375 0.028125 0.11875
2 0.86640625 0.51015625 0.02890625 0.065625
2 0.90625 0.5171875 0.03515625 0.125
2 0.94375 0.5484375 0.02734375 0.13515625
2 0.921875 0.48046875 0.0328125 0.05703125