0 0.49609375 0.58125 0.02265625 0.02890625
1 0.31015625 0.5125 0.06015625 0.08828125
3 0.41953125 0.778125 0.0453125 0.14375
3 0.634375 0.30234375 0.02421875 0.096875
2 0.61328125 0.5828125 0.03671875 0.125
2 0.58046875 0.8078125 0.02734375 0.14921875
2 0.553125 0.7515625 0.01953125 0.1171875
2 0.5671875 0.7234375 0.015625 0.065625
2 0.5921875 0.73203125 0.028125 0.12109375
2 0.61875 0.71953125 0.03984375 0.12890625
2 0.68671875 0.74765625 0.04375 0.1109375
2 0.671875 0.65703125 0.04765625 0.06953125
2 0.76953125 0.6296875 0.04453125 0.12890625
2 0.8515625 0.5375 0.034375 0.1
2 0.85859375 0.5015625 0.02578125 0.08046875
2 0.89453125 0.5046875 0.028125 0.12109375
2 0.90546875 0.57109375 0.02734375 0.1125
2 0.92578125 0.6296875 0.0375 0.10234375
2 0.97890625 0.5578125 0.02421875 0.1296875