3 0.33828125 0.3640625 0.03125 0.12734375
1 0.203125 0.4671875 0.0375 0.10859375
2 0.6015625 0.4859375 0.0625 0.12890625
2 0.6203125 0.6359375 0.0421875 0.13984375
2 0.66796875 0.6265625 0.04375 0.14296875
2 0.69765625 0.60703125 0.0390625 0.1578125
2 0.80390625 0.59375 0.05390625 0.14765625
2 0.890625 0.57421875 0.04765625 0.11875
2 0.8859375 0.44140625 0.0640625 0.10234375
2 0.88515625 0.50078125 0.03125 0.0640625
2 0.94140625 0.4296875 0.0296875 0.13984375
2 0.96875 0.48359375 0.04453125 0.12109375
2 0.975 0.43203125 0.02578125 0.0734375
2 0.9875 0.63984375 0.025 0.159375