3 0.42734375 0.7640625 0.0296875 0.19453125
3 0.76328125 0.3609375 0.03046875 0.1265625
0 0.65625 0.6546875 0.01875 0.0265625
1 0.28125 0.5390625 0.06015625 0.10859375
2 0.62890625 0.7609375 0.05703125 0.1703125
2 0.6484375 0.73671875 0.0390625 0.15546875
2 0.69453125 0.7390625 0.046875 0.14765625
2 0.77265625 0.72109375 0.04453125 0.15625
2 0.8078125 0.7359375 0.04140625 0.171875
2 0.828125 0.73203125 0.02890625 0.14921875
2 0.87734375 0.71484375 0.0625 0.15390625
2 0.684375 0.590625 0.04375 0.1109375