0 0.44296875 0.525 0.01640625 0.03046875
1 0.7515625 0.43359375 0.046875 0.084375
2 0.83203125 0.7140625 0.05234375 0.16796875
2 0.5 0.6234375 0.06015625 0.1265625
2 0.4625 0.59921875 0.0359375 0.1296875
2 0.46796875 0.528125 0.02890625 0.05703125
2 0.4265625 0.47421875 0.025 0.12734375
2 0.353125 0.58671875 0.04296875 0.15546875
2 0.34140625 0.553125 0.03671875 0.14140625
2 0.2390625 0.61015625 0.034375 0.1765625
2 0.0484375 0.49296875 0.0375 0.13984375
2 0.1125 0.44921875 0.0375 0.11875
2 0.021875 0.4109375 0.04375 0.1171875
3 0.07109375 0.3640625 0.0359375 0.10703125