2 0.6640625 0.5375 0.07109375 0.11640625
1 0.30859375 0.47265625 0.0640625 0.1046875
3 0.4875 0.371875 0.03125 0.1203125
3 0.55234375 0.7125 0.03828125 0.16953125
2 0.64453125 0.69921875 0.0546875 0.1515625
2 0.67578125 0.671875 0.03984375 0.1515625
2 0.7140625 0.659375 0.03515625 0.1765625
2 0.80703125 0.6578125 0.0359375 0.15625
2 0.9296875 0.63125 0.03671875 0.16953125
2 0.95546875 0.4796875 0.05859375 0.12890625
2 0.98671875 0.58828125 0.0265625 0.1484375
0 0.678125 0.57734375 0.0171875 0.03125