0 0.4515625 0.6 0.01640625 0.028125
3 0.2875 0.4328125 0.02265625 0.1046875
3 0.9515625 0.63046875 0.0328125 0.096875
1 0.75546875 0.4984375 0.02421875 0.07421875
2 0.43125 0.7640625 0.028125 0.1234375
2 0.4078125 0.71484375 0.0296875 0.13125
2 0.37734375 0.70859375 0.0375 0.11015625
2 0.325 0.69765625 0.0265625 0.1203125
2 0.29609375 0.69140625 0.028125 0.12734375
2 0.171875 0.64296875 0.025 0.11875
2 0.03203125 0.83125 0.03828125 0.0921875
2 0.43515625 0.55078125 0.02421875 0.071875
2 0.19140625 0.50859375 0.0328125 0.10390625
2 0.171875 0.48203125 0.03515625 0.07734375
2 0.14765625 0.51484375 0.0234375 0.11875
2 0.1359375 0.4546875 0.021875 0.09609375
2 0.11328125 0.5453125 0.01953125 0.11875
2 0.0390625 0.484375 0.021875 0.1046875