0 0.65078125 0.47265625 0.01484375 0.02890625
3 0.4125 0.5765625 0.040625 0.165625
3 0.4375 0.23828125 0.03515625 0.12265625
1 0.246875 0.3671875 0.034375 0.11875
2 0.69140625 0.409375 0.0671875 0.13515625
2 0.3015625 0.753125 0.04140625 0.1703125
2 0.665625 0.5875 0.05625 0.14609375
2 0.71953125 0.56875 0.0453125 0.16015625
2 0.721875 0.5078125 0.03359375 0.0859375
2 0.7765625 0.55078125 0.05078125 0.13984375
2 0.9 0.534375 0.034375 0.1640625
2 0.9703125 0.3875 0.05859375 0.12109375
2 0.9859375 0.34609375 0.028125 0.11875