0 0.45390625 0.46328125 0.01171875 0.025
1 0.72578125 0.35703125 0.0296875 0.0859375
2 0.68671875 0.60625 0.0359375 0.15625
2 0.528125 0.5453125 0.028125 0.1515625
2 0.4859375 0.52890625 0.0390625 0.10625
2 0.45625 0.528125 0.03203125 0.13359375
2 0.43125 0.4203125 0.03984375 0.09375
2 0.36015625 0.528125 0.0296875 0.12734375
2 0.32890625 0.509375 0.03515625 0.13984375
2 0.1859375 0.43203125 0.0515625 0.13671875
2 0.14453125 0.428125 0.03359375 0.11875
2 0.12421875 0.35390625 0.0234375 0.1171875
2 0.0484375 0.5296875 0.0328125 0.14296875
2 0.08671875 0.39765625 0.03125 0.11640625
2 0.06171875 0.396875 0.0328125 0.11015625