0 0.52265625 0.65234375 0.015625 0.02421875
2 0.5234375 0.609375 0.0453125 0.12265625
2 0.5515625 0.69453125 0.0375 0.1515625
2 0.72109375 0.73125 0.03984375 0.171875
2 0.7609375 0.7625 0.03203125 0.16171875
2 0.8171875 0.696875 0.0359375 0.15625
2 0.8515625 0.57734375 0.03515625 0.1203125
2 0.88203125 0.6015625 0.0328125 0.11484375
2 0.96640625 0.7640625 0.05 0.16640625
2 0.92109375 0.6078125 0.05078125 0.1328125
2 0.8828125 0.54609375 0.0265625 0.08203125
2 0.93125 0.54609375 0.03046875 0.1296875
3 0.57578125 0.44921875 0.02578125 0.08828125
1 0.18515625 0.56953125 0.03515625 0.090625