0 0.57578125 0.57421875 0.01328125 0.025
1 0.253125 0.48515625 0.03828125 0.084375
3 0.27421875 0.66953125 0.034375 0.16796875
3 0.63828125 0.32890625 0.0265625 0.0921875
2 0.525 0.68203125 0.04296875 0.1390625
2 0.56875 0.53203125 0.0625 0.10234375
2 0.609375 0.64765625 0.03671875 0.159375
2 0.66328125 0.64609375 0.02734375 0.15546875
2 0.7109375 0.64296875 0.05234375 0.1234375
2 0.8703125 0.49921875 0.05859375 0.10234375
2 0.89296875 0.4625 0.021875 0.078125
2 0.90546875 0.453125 0.01875 0.07578125
2 0.9265625 0.4875 0.02109375 0.08828125
2 0.92109375 0.52734375 0.04609375 0.1
2 0.93125 0.63671875 0.03046875 0.14765625
2 0.96875 0.5484375 0.03359375 0.1453125