0 0.4625 0.57578125 0.0171875 0.0328125
2 0.68125 0.66328125 0.04140625 0.19609375
2 0.5390625 0.63671875 0.05390625 0.1390625
2 0.50078125 0.61328125 0.04296875 0.14921875
2 0.4265625 0.61640625 0.03671875 0.14921875
2 0.396875 0.509375 0.06484375 0.11484375
2 0.29296875 0.5953125 0.05703125 0.16015625
2 0.240625 0.72421875 0.04375 0.19296875
3 0.2328125 0.4375 0.028125 0.1296875
2 0.1921875 0.5640625 0.05078125 0.14921875
2 0.1515625 0.596875 0.0453125 0.153125
2 0.13125 0.50703125 0.05390625 0.12265625
2 0.078125 0.50859375 0.05390625 0.10234375
2 0.04921875 0.49140625 0.05078125 0.125
2 0.02109375 0.55234375 0.0375 0.15546875
2 0.11953125 0.46171875 0.03515625 0.046875
1 0.79140625 0.47109375 0.03984375 0.11875