1 0.740625 0.51171875 0.06015625 0.09375
2 0.60546875 0.75546875 0.03984375 0.190625
2 0.58203125 0.73203125 0.03828125 0.1921875
2 0.43203125 0.5703125 0.065625 0.10703125
2 0.3078125 0.6671875 0.05703125 0.15
2 0.37265625 0.6640625 0.04296875 0.1265625
2 0.39453125 0.734375 0.04453125 0.17265625
2 0.421875 0.65078125 0.04453125 0.1046875
2 0.04140625 0.62890625 0.0328125 0.17421875
2 0.04296875 0.5171875 0.03671875 0.07734375
2 0.02578125 0.49921875 0.03359375 0.08984375
3 0.01875 0.4390625 0.03515625 0.12265625