0 0.47265625 0.5765625 0.01171875 0.02421875
2 0.41953125 0.73828125 0.04453125 0.11875
2 0.41796875 0.68828125 0.03984375 0.08046875
2 0.3546875 0.725 0.0359375 0.13984375
2 0.328125 0.684375 0.034375 0.1265625
2 0.2171875 0.6625 0.03515625 0.1109375
2 0.13671875 0.86640625 0.04140625 0.1390625
2 0.0875 0.58828125 0.01953125 0.1234375
2 0.10703125 0.5546875 0.0265625 0.125
2 0.1171875 0.52578125 0.0234375 0.12734375
2 0.06171875 0.37421875 0.0390625 0.11015625
2 0.15078125 0.4796875 0.01796875 0.12890625
2 0.1671875 0.48125 0.01953125 0.1109375
2 0.17578125 0.471875 0.015625 0.11875
2 0.46484375 0.56015625 0.04765625 0.1125
3 0.1390625 0.34375 0.02734375 0.1171875
1 0.8078125 0.48203125 0.04296875 0.09375