0 0.37890625 0.60390625 0.01875 0.034375
3 0.1171875 0.42890625 0.03671875 0.13125
2 0.1640625 0.68671875 0.0421875 0.16953125
2 0.01953125 0.66328125 0.0328125 0.165625
2 0.021875 0.51015625 0.0375 0.13359375
2 0.05546875 0.465625 0.04296875 0.10625
2 0.06484375 0.509375 0.0671875 0.1203125
2 0.31640625 0.54375 0.065625 0.1453125
2 0.30625 0.66953125 0.05234375 0.13984375
2 0.36796875 0.70546875 0.046875 0.15
2 0.3984375 0.78046875 0.03515625 0.1890625
2 0.45859375 0.8078125 0.04375 0.184375
1 0.7671875 0.4578125 0.04296875 0.13515625