1 0.18125 0.5015625 0.03984375 0.0921875
3 0.2796875 0.7453125 0.0375 0.1640625
3 0.53515625 0.29609375 0.02578125 0.1171875
0 0.5234375 0.625 0.01484375 0.028125
2 0.5171875 0.58671875 0.05859375 0.10234375
2 0.5015625 0.7546875 0.03515625 0.1109375
2 0.5609375 0.7453125 0.040625 0.13515625
2 0.5828125 0.740625 0.04375 0.1328125
2 0.59921875 0.73046875 0.03359375 0.12265625
2 0.62890625 0.71953125 0.0359375 0.1265625
2 0.64765625 0.83046875 0.04609375 0.159375
2 0.7046875 0.7234375 0.0359375 0.13671875
2 0.7296875 0.715625 0.01953125 0.14375
2 0.8359375 0.675 0.025 0.1453125
2 0.93046875 0.65234375 0.02890625 0.1453125
2 0.88828125 0.490625 0.034375 0.12265625
2 0.865625 0.4921875 0.03125 0.13359375
2 0.87265625 0.62265625 0.05625 0.09375
2 0.8453125 0.52890625 0.0421875 0.09375
2 0.8171875 0.496875 0.0203125 0.0390625