0 0.5 0.46796875 0.025 0.03125
2 0.5609375 0.50859375 0.04296875 0.09609375
3 0.4828125 0.709375 0.03515625 0.14921875
2 0.5515625 0.80078125 0.04140625 0.1515625
2 0.61171875 0.7671875 0.0390625 0.153125
2 0.61015625 0.66953125 0.02421875 0.08359375
2 0.6359375 0.68203125 0.0453125 0.13671875
2 0.665625 0.6671875 0.03515625 0.15546875
2 0.7125 0.66796875 0.04375 0.12890625
2 0.88359375 0.62265625 0.03515625 0.1390625
2 0.86796875 0.409375 0.04140625 0.09609375
2 0.8953125 0.48828125 0.04921875 0.10625
2 0.91328125 0.45546875 0.0515625 0.0921875
2 0.8953125 0.39375 0.01953125 0.0578125
2 0.90859375 0.35 0.015625 0.0390625
2 0.9375 0.409375 0.04921875 0.1046875
3 0.54296875 0.1578125 0.02421875 0.10625
1 0.22109375 0.42734375 0.0671875 0.11015625