0 0.7765625 0.27109375 0.0171875 0.02109375
2 0.06875 0.6265625 0.04296875 0.05703125
2 0.28359375 0.5734375 0.0328125 0.1390625
2 0.30625 0.6109375 0.025 0.13359375
3 0.33046875 0.58359375 0.03203125 0.159375
2 0.428125 0.63984375 0.0265625 0.14609375
2 0.43125 0.56640625 0.02421875 0.0640625
2 0.49609375 0.565625 0.03515625 0.13125
2 0.52890625 0.39296875 0.02421875 0.1109375
2 0.63515625 0.49140625 0.04375 0.1109375
2 0.75234375 0.82109375 0.03828125 0.15625
2 0.89375 0.62109375 0.05390625 0.14921875
2 0.84765625 0.54921875 0.03671875 0.13671875
2 0.72578125 0.2296875 0.03359375 0.09375