0 0.39296875 0.27890625 0.0125 0.025
3 0.3625 0.16640625 0.02421875 0.096875
3 0.54453125 0.32109375 0.02578125 0.084375
2 0.3046875 0.48046875 0.02578125 0.13515625
2 0.27734375 0.39375 0.03125 0.1265625
2 0.32265625 0.3578125 0.03125 0.0875
2 0.325 0.41484375 0.053125 0.0390625
2 0.425 0.27109375 0.02265625 0.11015625
2 0.45859375 0.26171875 0.01953125 0.11015625
2 0.4359375 0.35 0.02421875 0.11328125
2 0.46796875 0.36796875 0.028125 0.1171875
2 0.51015625 0.36796875 0.03046875 0.1125
2 0.528125 0.33359375 0.0140625 0.12109375
2 0.55546875 0.4078125 0.034375 0.13125
2 0.684375 0.375 0.0296875 0.13359375
2 0.79921875 0.40625 0.03046875 0.125
2 0.896875 0.3640625 0.04296875 0.1171875
2 0.89765625 0.27578125 0.02578125 0.10703125