3 0.52421875 0.5328125 0.0375 0.14921875
3 0.80390625 0.21875 0.0203125 0.08828125
0 0.815625 0.5203125 0.015625 0.03046875
1 0.02109375 0.38671875 0.03671875 0.1234375
2 0.075 0.53515625 0.04296875 0.16171875
2 0.21015625 0.45390625 0.03984375 0.096875
2 0.2328125 0.57109375 0.04296875 0.16015625
2 0.26953125 0.4984375 0.04375 0.1234375
2 0.24921875 0.39453125 0.02890625 0.1125
2 0.2765625 0.37421875 0.03125 0.125
2 0.33984375 0.43515625 0.04296875 0.12734375
2 0.428125 0.409375 0.0359375 0.12109375
2 0.48828125 0.45390625 0.03984375 0.125
2 0.51484375 0.42265625 0.03046875 0.1234375
2 0.62890625 0.31953125 0.0296875 0.11875
2 0.7375 0.365625 0.03203125 0.1171875
2 0.83828125 0.2828125 0.028125 0.10078125
2 0.86875 0.47734375 0.05546875 0.1265625
2 0.86484375 0.37578125 0.03515625 0.1
2 0.83203125 0.62109375 0.05 0.16171875
2 0.9875 0.4125 0.02421875 0.13046875