2 0.684375 0.45 0.065625 0.1578125
2 0.51953125 0.259375 0.0484375 0.1453125
2 0.4296875 0.26484375 0.04453125 0.1453125
2 0.4046875 0.33203125 0.04140625 0.14921875
2 0.3578125 0.25078125 0.04609375 0.13984375
2 0.303125 0.30546875 0.0484375 0.10625
2 0.43203125 0.43671875 0.0515625 0.14921875
2 0.3734375 0.5015625 0.0453125 0.1625
2 0.40234375 0.53359375 0.03984375 0.12734375
2 0.2921875 0.51875 0.03828125 0.15390625
0 0.43359375 0.5875 0.01953125 0.0390625
3 0.46875 0.59453125 0.04296875 0.1921875
3 0.384375 0.15234375 0.0359375 0.1375
1 0.17734375 0.3359375 0.05390625 0.1390625