0 0.22109375 0.64140625 0.01796875 0.03046875
3 0.12109375 0.43046875 0.02578125 0.0984375
1 0.96875 0.48125 0.03515625 0.10390625
2 0.1171875 0.51875 0.046875 0.11875
2 0.228125 0.4046875 0.03046875 0.1
2 0.1921875 0.5875 0.05703125 0.096875
2 0.240625 0.54140625 0.03359375 0.06796875
2 0.28125 0.4953125 0.0375 0.11875
2 0.321875 0.61640625 0.04375 0.1171875
2 0.3953125 0.45546875 0.0375 0.1046875
2 0.46171875 0.49921875 0.046875 0.1046875
2 0.39921875 0.725 0.04453125 0.16171875
2 0.6 0.5875 0.03046875 0.125
2 0.62109375 0.57109375 0.0328125 0.11484375
2 0.8296875 0.69765625 0.03671875 0.1453125