0 0.3828125 0.5671875 0.021875 0.028125
2 0.028125 0.36640625 0.02265625 0.10234375
2 0.06875 0.3453125 0.02421875 0.08984375
2 0.046875 0.7125 0.03515625 0.1171875
2 0.24765625 0.3359375 0.028125 0.07109375
2 0.2328125 0.48515625 0.02578125 0.0921875
2 0.340625 0.3640625 0.0296875 0.08984375
2 0.34765625 0.5671875 0.03125 0.08828125
2 0.26484375 0.6265625 0.0328125 0.10234375
2 0.2734375 0.55703125 0.03984375 0.0609375
2 0.4109375 0.475 0.025 0.09375
3 0.15625 0.4796875 0.025 0.11640625
2 0.40234375 0.56171875 0.03515625 0.090625
2 0.4640625 0.51953125 0.0234375 0.08984375
2 0.5859375 0.59453125 0.0421875 0.1109375
2 0.665625 0.653125 0.02109375 0.11484375
2 0.6703125 0.7546875 0.03125 0.1203125
1 0.78515625 0.39765625 0.02578125 0.08046875