0 0.4953125 0.534375 0.03046875 0.0390625
1 0.2015625 0.44453125 0.0421875 0.12109375
3 0.390625 0.2484375 0.03359375 0.10234375
3 0.71640625 0.6671875 0.04140625 0.1375
2 0.34765625 0.725 0.03828125 0.153125
2 0.440625 0.6 0.04296875 0.13359375
2 0.5859375 0.45703125 0.03671875 0.11640625
2 0.57890625 0.55703125 0.03046875 0.1109375
2 0.62890625 0.546875 0.04765625 0.11640625
2 0.696875 0.44375 0.05234375 0.1125
2 0.74140625 0.46875 0.04375 0.12890625
2 0.88203125 0.4484375 0.03515625 0.1265625
2 0.821875 0.6140625 0.04609375 0.13984375
2 0.97734375 0.92109375 0.0453125 0.1578125