2 0.27578125 0.72421875 0.03359375 0.0890625
2 0.3015625 0.73984375 0.0265625 0.1078125
2 0.2921875 0.70546875 0.0265625 0.10546875
2 0.315625 0.7453125 0.028125 0.10859375
2 0.4703125 0.628125 0.02890625 0.096875
2 0.62265625 0.6625 0.0296875 0.09609375
2 0.48828125 0.596875 0.01875 0.09375
2 0.5078125 0.5578125 0.0171875 0.0859375
2 0.7125 0.66484375 0.01953125 0.10078125
2 0.80390625 0.565625 0.02265625 0.0765625
2 0.84765625 0.49453125 0.03984375 0.07734375
2 0.8390625 0.58671875 0.0171875 0.0625
3 0.834375 0.6203125 0.03125 0.09453125
3 0.75625 0.38828125 0.02109375 0.06328125
0 0.79609375 0.61171875 0.009375 0.0171875
1 0.159375 0.6171875 0.02578125 0.09453125