0 0.35859375 0.403125 0.021875 0.0265625
2 0.33671875 0.39375 0.04140625 0.11015625
2 0.21875 0.44296875 0.0515625 0.103125
2 0.2984375 0.4609375 0.0375 0.1078125
2 0.2828125 0.67734375 0.03203125 0.1375
2 0.35546875 0.9 0.053125 0.15859375
2 0.4734375 0.275 0.0265625 0.09375
2 0.5453125 0.3046875 0.0171875 0.10625
2 0.534375 0.34921875 0.0171875 0.11015625
2 0.52421875 0.4265625 0.025 0.084375
2 0.5703125 0.40703125 0.0203125 0.115625
2 0.57734375 0.3359375 0.021875 0.065625
2 0.621875 0.44609375 0.0203125 0.11484375
2 0.6015625 0.42890625 0.01640625 0.1125
2 0.590625 0.38203125 0.01796875 0.071875
2 0.70859375 0.4140625 0.02109375 0.11328125
2 0.7671875 0.496875 0.02734375 0.12265625
2 0.81640625 0.55703125 0.04765625 0.1171875
2 0.634375 0.6609375 0.0484375 0.13203125
3 0.459375 0.3625 0.021875 0.10078125
1 0.9828125 0.36015625 0.03359375 0.10390625