0 0.575 0.54453125 0.01953125 0.03125
1 0.65859375 0.521875 0.053125 0.10703125
2 0.3296875 0.84921875 0.05078125 0.14765625
2 0.1171875 0.6671875 0.04921875 0.1375
2 0.0578125 0.3515625 0.03046875 0.125
2 0.08125 0.44140625 0.0390625 0.125
2 0.09375 0.3671875 0.03046875 0.1265625
2 0.159375 0.39296875 0.03125 0.1234375
2 0.22421875 0.49140625 0.03203125 0.13359375
2 0.44453125 0.53984375 0.03515625 0.1296875
2 0.46875 0.55546875 0.0421875 0.1390625
2 0.52109375 0.5984375 0.04375 0.13125
2 0.55859375 0.61015625 0.05078125 0.1265625
2 0.625 0.6671875 0.03515625 0.11484375
2 0.66796875 0.73046875 0.05078125 0.13515625