0 0.22265625 0.5890625 0.0140625 0.034375
3 0.2046875 0.34453125 0.0359375 0.14375
2 0.06953125 0.19296875 0.0359375 0.12890625
2 0.321875 0.196875 0.0296875 0.12109375
2 0.203125 0.5328125 0.0515625 0.13671875
2 0.11171875 0.40625 0.04140625 0.15390625
2 0.42109375 0.36015625 0.03359375 0.13671875
2 0.43125 0.4796875 0.03359375 0.14375
2 0.4703125 0.35703125 0.034375 0.1515625
2 0.6546875 0.35625 0.0421875 0.14375
2 0.80546875 0.29921875 0.04296875 0.12890625
2 0.71171875 0.4171875 0.04296875 0.15
2 0.7390625 0.4859375 0.03359375 0.14375
2 0.7875 0.47265625 0.05234375 0.14765625
2 0.9 0.75625 0.05859375 0.19453125
2 0.57890625 0.92734375 0.04296875 0.13984375