0 0.39609375 0.41015625 0.01171875 0.02265625
1 0.66796875 0.4328125 0.0328125 0.084375
2 0.23046875 0.35625 0.0296875 0.10390625
2 0.16484375 0.52734375 0.03125 0.1125
2 0.1734375 0.69453125 0.02890625 0.13125
2 0.3140625 0.409375 0.03984375 0.1
2 0.3765625 0.3734375 0.02734375 0.09375
2 0.3359375 0.45625 0.04296875 0.10234375
2 0.36171875 0.4328125 0.0203125 0.0984375
2 0.453125 0.3765625 0.02265625 0.0578125
2 0.43671875 0.4453125 0.03984375 0.1
2 0.4140625 0.53359375 0.04296875 0.1125
2 0.540625 0.50859375 0.04140625 0.10234375
2 0.62421875 0.63984375 0.03828125 0.1265625
2 0.63046875 0.81328125 0.0359375 0.14140625
2 0.425 0.95390625 0.03515625 0.0921875