0 0.54140625 0.4 0.0125 0.02421875
2 0.05859375 0.640625 0.05546875 0.1171875
2 0.0140625 0.609375 0.02734375 0.11484375
2 0.56015625 0.4375 0.0265625 0.06953125
2 0.59453125 0.4109375 0.034375 0.071875
2 0.6046875 0.40078125 0.025 0.05390625
2 0.6109375 0.371875 0.0234375 0.0640625
2 0.6359375 0.3984375 0.02109375 0.08203125
2 0.7609375 0.54140625 0.03203125 0.10625
2 0.9578125 0.75859375 0.03984375 0.1390625
2 0.6890625 0.3703125 0.02734375 0.07578125
2 0.7125 0.3765625 0.0203125 0.0875
2 0.72578125 0.39453125 0.02109375 0.07421875
2 0.778125 0.3375 0.0296875 0.06796875
2 0.84609375 0.353125 0.03359375 0.0875
1 0.5953125 0.33515625 0.02890625 0.071875
3 0.70390625 0.57265625 0.025 0.1171875