0 0.78828125 0.4328125 0.009375 0.02109375
2 0.80703125 0.54140625 0.0265625 0.1328125
2 0.63359375 0.559375 0.03046875 0.13984375
2 0.53828125 0.41328125 0.03984375 0.103125
2 0.4671875 0.403125 0.03125 0.1125
2 0.42109375 0.43671875 0.02421875 0.1140625
2 0.6375 0.32890625 0.046875 0.0953125
2 0.66484375 0.38359375 0.03203125 0.10234375
2 0.69375 0.35390625 0.02734375 0.09296875
2 0.7609375 0.42578125 0.025 0.1109375
2 0.796875 0.4 0.0375 0.09609375
2 0.80625 0.33359375 0.02109375 0.0875
2 0.84609375 0.3765625 0.03046875 0.0921875
3 0.684375 0.4859375 0.0453125 0.12109375
3 0.421875 0.27890625 0.02421875 0.08671875
1 0.2046875 0.3625 0.03046875 0.09140625
2 0.8828125 0.28671875 0.021875 0.09140625
3 0.96015625 0.25078125 0.03125 0.07734375