1 0.87890625 0.41640625 0.0359375 0.10390625
2 0.67578125 0.634375 0.03671875 0.14296875
2 0.37578125 0.821875 0.05078125 0.1765625
2 0.1796875 0.38671875 0.03203125 0.125
2 0.24921875 0.32265625 0.028125 0.10234375
2 0.23671875 0.440625 0.02890625 0.11875
2 0.328125 0.4078125 0.03828125 0.10859375
2 0.40078125 0.50859375 0.0390625 0.14296875
2 0.353125 0.4390625 0.03828125 0.09609375
2 0.3796875 0.33984375 0.034375 0.09375
2 0.42265625 0.3953125 0.028125 0.10625
0 0.49921875 0.409375 0.01171875 0.02265625
2 0.4984375 0.3796875 0.03984375 0.0984375
2 0.5609375 0.40546875 0.028125 0.10859375
2 0.63984375 0.5375 0.0421875 0.1296875