0 0.35546875 0.2828125 0.015625 0.03125
1 0.153125 0.41796875 0.0390625 0.12265625
3 0.66171875 0.53359375 0.040625 0.1390625
3 0.9140625 0.2640625 0.02265625 0.096875
2 0.95078125 0.33828125 0.02890625 0.115625
2 0.7203125 0.371875 0.0390625 0.121875
2 0.67265625 0.4296875 0.02734375 0.10859375
2 0.659375 0.746875 0.03828125 0.18203125
2 0.5890625 0.5671875 0.04140625 0.15078125
2 0.53515625 0.42109375 0.03125 0.12265625
2 0.4703125 0.4 0.059375 0.1375
2 0.2953125 0.48671875 0.0390625 0.12421875
2 0.3859375 0.5140625 0.04375 0.115625
2 0.384375 0.440625 0.046875 0.10546875