0 0.36875 0.43984375 0.01640625 0.02890625
1 0.221875 0.3484375 0.0421875 0.1
3 0.2453125 0.175 0.0265625 0.0890625
3 0.565625 0.72421875 0.03515625 0.140625
2 0.22734375 0.75078125 0.034375 0.134375
2 0.32265625 0.478125 0.0234375 0.11640625
2 0.3359375 0.49921875 0.0359375 0.12890625
2 0.415625 0.42890625 0.0375 0.1140625
2 0.43125 0.38671875 0.02265625 0.06796875
2 0.475 0.4125 0.03828125 0.11640625
2 0.4609375 0.48359375 0.03203125 0.11640625
2 0.48125 0.6109375 0.03671875 0.14140625
2 0.6015625 0.5484375 0.05859375 0.075
2 0.553125 0.6625 0.0359375 0.0859375
2 0.515625 0.865625 0.03828125 0.15390625
2 0.6765625 0.66171875 0.034375 0.134375
2 0.7046875 0.56953125 0.0359375 0.1390625
2 0.72734375 0.46328125 0.03125 0.12890625
2 0.7234375 0.9640625 0.03671875 0.071875
2 0.940625 0.74921875 0.034375 0.159375
2 0.97265625 0.828125 0.0296875 0.16953125