0 0.5140625 0.49921875 0.01328125 0.0234375
3 0.253125 0.284375 0.0328125 0.0859375
3 0.96875 0.659375 0.05546875 0.10859375
1 0.28984375 0.44296875 0.03125 0.09453125
2 0.509375 0.46875 0.05078125 0.065625
2 0.5515625 0.45078125 0.0515625 0.0875
2 0.5921875 0.446875 0.025 0.07890625
2 0.6 0.496875 0.0296875 0.103125
2 0.6046875 0.6625 0.028125 0.1109375
2 0.82109375 0.58046875 0.025 0.1109375
2 0.8609375 0.66328125 0.03984375 0.115625
2 0.903125 0.63515625 0.034375 0.1234375
2 0.88125 0.57265625 0.03515625 0.065625
2 0.99140625 0.61875 0.0171875 0.1234375