0 0.63046875 0.41015625 0.01484375 0.021875
1 0.0578125 0.36953125 0.03125 0.1109375
2 0.140625 0.640625 0.0484375 0.16328125
2 0.259375 0.47734375 0.03203125 0.13984375
2 0.44765625 0.4109375 0.0328125 0.11328125
2 0.475 0.39609375 0.03671875 0.1109375
2 0.5359375 0.5421875 0.0359375 0.14921875
2 0.58203125 0.34140625 0.02890625 0.10859375
2 0.60546875 0.39375 0.0375 0.10078125
2 0.61171875 0.315625 0.0328125 0.0546875
2 0.6421875 0.28984375 0.02578125 0.07265625
2 0.6484375 0.35625 0.034375 0.09609375
2 0.7125 0.2703125 0.02734375 0.09375
2 0.8125 0.31015625 0.0296875 0.10625
2 0.8609375 0.56484375 0.0296875 0.15546875
3 0.7515625 0.44765625 0.0328125 0.12578125
3 0.83125 0.2203125 0.02265625 0.07265625