2 0.3671875 0.62734375 0.03125 0.1265625
2 0.1046875 0.584375 0.03203125 0.1234375
2 0.35 0.5078125 0.03359375 0.115625
2 0.39765625 0.5203125 0.04375 0.1265625
2 0.45546875 0.44296875 0.0328125 0.10546875
2 0.5203125 0.4078125 0.03984375 0.10703125
2 0.5609375 0.36953125 0.02734375 0.08359375
2 0.58359375 0.446875 0.0390625 0.115625
2 0.54609375 0.52109375 0.0359375 0.1140625
2 0.6484375 0.446875 0.034375 0.103125
2 0.7140625 0.45234375 0.03046875 0.115625
2 0.7296875 0.575 0.03125 0.11640625
2 0.84453125 0.9375 0.04375 0.125
0 0.67109375 0.59765625 0.01875 0.03203125
3 0.47421875 0.66640625 0.0390625 0.153125
3 0.92578125 0.18515625 0.0296875 0.06796875
1 0.2609375 0.3921875 0.03125 0.09609375