0 0.528125 0.5875 0.01953125 0.0390625
2 0.8734375 0.603125 0.03046875 0.14453125
2 0.6171875 0.64921875 0.04453125 0.1265625
2 0.471875 0.64140625 0.0296875 0.121875
2 0.16953125 0.32109375 0.021875 0.1140625
2 0.0078125 0.50234375 0.015625 0.1359375
2 0.4 0.3859375 0.03125 0.121875
2 0.6921875 0.51328125 0.0359375 0.1234375
2 0.64375 0.48828125 0.02734375 0.12109375
2 0.6265625 0.47890625 0.021875 0.14140625
2 0.6125 0.478125 0.01875 0.13359375
2 0.596875 0.471875 0.0234375 0.140625
2 0.5734375 0.478125 0.0234375 0.11953125
2 0.55078125 0.48984375 0.025 0.0875
2 0.4921875 0.47890625 0.03046875 0.1140625
2 0.5234375 0.453125 0.0234375 0.125
2 0.50625 0.41015625 0.0203125 0.0625
2 0.54375 0.465625 0.01953125 0.13359375
3 0.2078125 0.7875 0.0359375 0.171875
1 0.665625 0.36875 0.04375 0.090625