0 0.5375 0.4015625 0.0171875 0.03203125
1 0.01796875 0.41875 0.03125 0.1109375
3 0.77265625 0.521875 0.0421875 0.14609375
2 0.7328125 0.41171875 0.03359375 0.12265625
2 0.69140625 0.371875 0.02265625 0.05703125
2 0.6953125 0.43671875 0.03515625 0.103125
2 0.7359375 0.709375 0.03359375 0.178125
2 0.57109375 0.78203125 0.053125 0.1953125
2 0.3265625 0.75078125 0.0375 0.1703125
2 0.0484375 0.62421875 0.04296875 0.17109375
2 0.184375 0.4328125 0.025 0.12734375
2 0.27578125 0.465625 0.0296875 0.13203125
2 0.3703125 0.4125 0.02890625 0.128125
2 0.4078125 0.4109375 0.0203125 0.08359375
2 0.43125 0.4640625 0.03046875 0.134375
2 0.4875 0.384375 0.0328125 0.09921875
2 0.51484375 0.43046875 0.02890625 0.10625
2 0.5953125 0.40390625 0.0328125 0.1109375