2 0.2546875 0.46484375 0.0390625 0.14609375
2 0.3484375 0.4890625 0.02890625 0.14296875
2 0.4140625 0.4421875 0.02578125 0.1125
2 0.434375 0.45234375 0.03046875 0.13125
2 0.446875 0.515625 0.03828125 0.15
2 0.48203125 0.53203125 0.0359375 0.1625
2 0.48046875 0.41328125 0.05859375 0.08984375
2 0.53203125 0.51796875 0.025 0.1578125
2 0.55703125 0.53125 0.034375 0.17890625
2 0.60078125 0.4453125 0.03203125 0.1453125
2 0.58359375 0.421875 0.015625 0.14140625
2 0.69921875 0.56796875 0.04375 0.1765625
2 0.75703125 0.4203125 0.03359375 0.13671875
2 0.8859375 0.5328125 0.03046875 0.16953125
2 0.90625 0.64296875 0.03359375 0.1859375
3 0.7796875 0.63828125 0.03828125 0.190625
1 0.36796875 0.4390625 0.02890625 0.10390625