0 0.60859375 0.46015625 0.0125 0.02421875
2 0.5984375 0.425 0.02734375 0.09453125
1 0.54296875 0.434375 0.02734375 0.078125
2 0.67265625 0.434375 0.046875 0.07578125
2 0.67421875 0.48984375 0.02421875 0.10625
2 0.8546875 0.50078125 0.02734375 0.1125
2 0.51875 0.47578125 0.02890625 0.10859375
2 0.571875 0.4890625 0.03671875 0.09453125
2 0.46796875 0.4546875 0.02734375 0.090625
2 0.39765625 0.45546875 0.02109375 0.0875
2 0.3140625 0.4765625 0.015625 0.09453125
2 0.21875 0.70859375 0.02734375 0.13671875
2 0.3609375 0.63984375 0.03125 0.125
2 0.43828125 0.7296875 0.02734375 0.14375
2 0.5046875 0.55078125 0.0359375 0.10859375
2 0.86484375 0.7453125 0.03203125 0.1453125
2 0.9765625 0.596875 0.03515625 0.1234375
2 0.9875 0.68984375 0.02421875 0.1375
3 0.928125 0.24609375 0.01875 0.06328125
3 0.4296875 0.61875 0.03515625 0.11875