2 0.365625 0.80078125 0.03984375 0.1703125
2 0.19921875 0.58046875 0.03671875 0.1390625
2 0.44765625 0.4671875 0.03125 0.12109375
2 0.52890625 0.42890625 0.02578125 0.09453125
2 0.56640625 0.40078125 0.0171875 0.096875
2 0.60625 0.3859375 0.021875 0.096875
2 0.63359375 0.428125 0.02421875 0.10625
2 0.659375 0.5390625 0.0234375 0.11875
2 0.84921875 0.53125 0.0296875 0.12890625
2 0.77734375 0.44921875 0.03046875 0.1203125
2 0.79609375 0.4265625 0.02890625 0.10390625
2 0.83046875 0.44609375 0.04453125 0.090625
2 0.9078125 0.353125 0.025 0.084375
2 0.81328125 0.36328125 0.025 0.0875
2 0.8046875 0.3046875 0.01484375 0.06171875
3 0.640625 0.5671875 0.03671875 0.13984375
1 0.01796875 0.42890625 0.02734375 0.10234375