1 0.1875 0.340625 0.0359375 0.09609375
3 0.5484375 0.728125 0.03203125 0.14453125
3 0.2125 0.16796875 0.0265625 0.09140625
0 0.440625 0.45390625 0.01328125 0.025
2 0.19765625 0.7703125 0.040625 0.1375
2 0.31328125 0.52265625 0.0265625 0.1265625
2 0.3328125 0.50703125 0.02890625 0.11640625
2 0.3921875 0.45 0.04453125 0.1109375
2 0.4296875 0.3890625 0.034375 0.1140625
2 0.4640625 0.415625 0.04296875 0.10390625
2 0.4515625 0.49296875 0.02265625 0.128125
2 0.471875 0.6296875 0.03203125 0.140625
2 0.571875 0.5390625 0.0625 0.071875
2 0.5234375 0.659375 0.03359375 0.0984375
2 0.4796875 0.86796875 0.02890625 0.15546875
2 0.64375 0.65546875 0.03203125 0.1390625
2 0.684375 0.5875 0.03515625 0.1390625
2 0.684375 0.96484375 0.0375 0.0703125
2 0.9375 0.81953125 0.03203125 0.15546875
2 0.8921875 0.7625 0.0328125 0.153125
2 0.7078125 0.47578125 0.02421875 0.134375