0 0.48359375 0.50390625 0.01640625 0.03046875
1 0.40859375 0.42265625 0.046875 0.10078125
3 0.5515625 0.2703125 0.02734375 0.08828125
3 0.84765625 0.775 0.03515625 0.14375
2 0.1953125 0.94765625 0.0359375 0.10390625
2 0.4609375 0.5578125 0.04296875 0.09375
2 0.4375 0.65625 0.03125 0.1296875
2 0.52421875 0.7546875 0.03828125 0.13515625
2 0.50234375 0.5859375 0.034375 0.1234375
2 0.546875 0.60390625 0.040625 0.1234375
2 0.5734375 0.5234375 0.05078125 0.1125
2 0.7421875 0.428125 0.04765625 0.11328125
2 0.76328125 0.403125 0.0375 0.10703125
2 0.675 0.70546875 0.02890625 0.15
2 0.8 0.571875 0.0359375 0.14375
2 0.67734375 0.85625 0.04140625 0.16171875
2 0.99375 0.4984375 0.01171875 0.1390625