0 0.76953125 0.54609375 0.015625 0.03046875
3 0.8828125 0.05703125 0.021875 0.08046875
3 0.2296875 0.271875 0.03359375 0.121875
3 0.73203125 0.70859375 0.0390625 0.153125
1 0.1546875 0.471875 0.0375 0.125
2 0.24375 0.678125 0.0390625 0.15
2 0.365625 0.4890625 0.03203125 0.1359375
2 0.384375 0.546875 0.0359375 0.1390625
2 0.3890625 0.596875 0.03125 0.153125
2 0.3984375 0.7234375 0.03671875 0.15
2 0.26796875 0.87109375 0.0359375 0.18359375
2 0.54375 0.8484375 0.0515625 0.171875
2 0.503125 0.465625 0.0359375 0.11796875
2 0.54375 0.415625 0.03203125 0.11640625
2 0.659375 0.38359375 0.03359375 0.13046875
2 0.584375 0.63046875 0.03828125 0.153125
2 0.709375 0.40859375 0.03203125 0.10546875
2 0.703125 0.51484375 0.05234375 0.1375
2 0.828125 0.50625 0.059375 0.140625
2 0.8890625 0.571875 0.053125 0.165625
2 0.903125 0.88515625 0.03515625 0.18203125