1 0.70390625 0.4609375 0.028125 0.09609375
2 0.58203125 0.5625 0.03828125 0.12265625
2 0.4953125 0.5640625 0.0375 0.1328125
2 0.4375 0.48671875 0.040625 0.1171875
2 0.35234375 0.49453125 0.0359375 0.1203125
2 0.2046875 0.38125 0.034375 0.11640625
2 0.16640625 0.40703125 0.0328125 0.11015625
2 0.02265625 0.465625 0.03515625 0.1171875
2 0.51328125 0.440625 0.04296875 0.10625
2 0.42265625 0.42109375 0.02734375 0.08984375
2 0.4765625 0.40390625 0.05546875 0.10625
3 0.02265625 0.41484375 0.02734375 0.11484375
0 0.5015625 0.4546875 0.009375 0.01796875