0 0.49453125 0.56171875 0.01640625 0.0234375
1 0.45703125 0.60078125 0.0390625 0.10625
3 0.528125 0.93046875 0.0375 0.1390625
2 0.09140625 0.934375 0.0359375 0.13125
2 0.44765625 0.828125 0.03125 0.134375
2 0.57734375 0.77109375 0.03359375 0.12421875
2 0.70078125 0.73671875 0.03046875 0.13046875
2 0.6171875 0.590625 0.02578125 0.1078125
2 0.74296875 0.57421875 0.040625 0.10546875
2 0.5484375 0.64296875 0.05078125 0.10078125
2 0.46953125 0.675 0.0265625 0.11015625
2 0.94609375 0.96484375 0.0328125 0.0703125