0 0.25234375 0.73515625 0.0171875 0.03125
3 0.16171875 0.6359375 0.021875 0.1171875
2 0.0046875 0.58359375 0.00859375 0.1140625
2 0.20546875 0.603125 0.01875 0.09296875
2 0.22734375 0.69296875 0.0421875 0.08671875
2 0.2875 0.54140625 0.02734375 0.08359375
2 0.31328125 0.60859375 0.0265625 0.096875
2 0.3703125 0.5421875 0.02890625 0.09140625
2 0.421875 0.5796875 0.02734375 0.09453125
2 0.45078125 0.596875 0.028125 0.096875
2 0.48828125 0.61015625 0.0265625 0.10625
2 0.51015625 0.60390625 0.01640625 0.10390625
2 0.59375 0.67109375 0.01875 0.09921875
2 0.571875 0.66328125 0.01953125 0.10625
2 0.55625 0.65390625 0.01171875 0.11328125
2 0.54453125 0.65078125 0.01328125 0.1078125
2 0.53359375 0.6453125 0.01484375 0.10078125
1 0.78125 0.56796875 0.03046875 0.09453125