2 0.23515625 0.50859375 0.04140625 0.10234375
2 0.31484375 0.4140625 0.0515625 0.11328125
2 0.38984375 0.44921875 0.0296875 0.10859375
2 0.41015625 0.4953125 0.02578125 0.12265625
2 0.578125 0.54453125 0.02578125 0.12265625
2 0.65703125 0.53203125 0.03828125 0.11484375
2 0.709375 0.6 0.0359375 0.1328125
2 0.7515625 0.7734375 0.0328125 0.14296875
2 0.953125 0.828125 0.05234375 0.15625
1 0.84375 0.4359375 0.03515625 0.0984375
3 0.40625 0.76484375 0.0375 0.15546875
0 0.26171875 0.5609375 0.01640625 0.02421875