0 0.303125 0.5265625 0.02109375 0.03046875
2 0.225 0.62109375 0.0421875 0.121875
2 0.328125 0.696875 0.025 0.128125
2 0.3546875 0.6984375 0.03515625 0.15546875
2 0.34140625 0.61640625 0.0265625 0.09453125
2 0.4109375 0.58125 0.02890625 0.13203125
2 0.43125 0.63671875 0.03046875 0.13203125
2 0.4328125 0.5375 0.021875 0.103125
2 0.49140625 0.56796875 0.0265625 0.13046875
2 0.51953125 0.6125 0.021875 0.14140625
2 0.5375 0.62265625 0.0203125 0.134375
2 0.5859375 0.55390625 0.04375 0.128125
2 0.60390625 0.5015625 0.028125 0.13046875
2 0.671875 0.490625 0.02578125 0.134375
2 0.78984375 0.78125 0.0375 0.1484375
2 0.8421875 0.2734375 0.01953125 0.1109375
1 0.37109375 0.61640625 0.0265625 0.13359375
3 0.6078125 0.8609375 0.03125 0.16640625
3 0.909375 0.25390625 0.02265625 0.09140625