1 0.8421875 0.36484375 0.028125 0.07890625
3 0.1359375 0.3375 0.01875 0.0984375
2 0.1671875 0.36328125 0.0375 0.08359375
2 0.26328125 0.41875 0.025 0.1015625
2 0.2953125 0.40078125 0.02109375 0.09375
2 0.41015625 0.34296875 0.01875 0.09140625
2 0.3984375 0.3328125 0.0125 0.07265625
2 0.43359375 0.38203125 0.021875 0.08125
2 0.453125 0.378125 0.021875 0.0890625
2 0.47421875 0.375 0.0296875 0.0859375
2 0.49140625 0.3796875 0.021875 0.090625
2 0.428125 0.5296875 0.03046875 0.11015625
2 0.5515625 0.41953125 0.025 0.0890625
2 0.56640625 0.4328125 0.0296875 0.08125
2 0.56875 0.48125 0.0171875 0.10859375
2 0.5953125 0.41953125 0.028125 0.08671875
2 0.6125 0.4453125 0.0171875 0.10546875
2 0.63515625 0.45078125 0.034375 0.10078125