0 0.5921875 0.3984375 0.0125 0.01875
1 0.48828125 0.3734375 0.02734375 0.08984375
2 0.15859375 0.60859375 0.0265625 0.12109375
2 0.16015625 0.81171875 0.040625 0.1640625
2 0.25859375 0.54140625 0.0390625 0.12890625
2 0.2984375 0.6375 0.04375 0.16171875
2 0.553125 0.44140625 0.0390625 0.096875
2 0.65234375 0.38046875 0.02890625 0.09453125
2 0.68046875 0.34375 0.05 0.06328125
2 0.6546875 0.5171875 0.0296875 0.1125
2 0.58984375 0.51796875 0.03515625 0.1203125
2 0.696875 0.6 0.03125 0.13125
2 0.97890625 0.45234375 0.02734375 0.1203125
3 0.875 0.58046875 0.034375 0.13671875