2 0.0109375 0.43125 0.021875 0.1328125
2 0.10078125 0.465625 0.03515625 0.1328125
2 0.18359375 0.4671875 0.04296875 0.13046875
2 0.2203125 0.4921875 0.03359375 0.128125
2 0.37890625 0.496875 0.0328125 0.12265625
2 0.4 0.534375 0.0375 0.121875
2 0.38359375 0.421875 0.02265625 0.05703125
2 0.49375 0.534375 0.04765625 0.1078125
2 0.54296875 0.5265625 0.0328125 0.1203125
2 0.56796875 0.56796875 0.03203125 0.12421875
1 0.51640625 0.53125 0.03125 0.1109375
2 0.41640625 0.45859375 0.03125 0.12734375
2 0.3515625 0.4734375 0.0265625 0.1390625