0 0.5078125 0.309375 0.01640625 0.02265625
1 0.4375 0.37421875 0.04921875 0.1125
3 0.61171875 0.278125 0.021875 0.0921875
3 0.8171875 0.63359375 0.04140625 0.1578125
2 0.93359375 0.43046875 0.0296875 0.14140625
2 0.8625 0.728125 0.040625 0.165625
2 0.68671875 0.403125 0.0375 0.11640625
2 0.659375 0.375 0.0296875 0.10625
2 0.678125 0.35390625 0.0203125 0.1046875
2 0.59921875 0.42265625 0.0328125 0.12734375
2 0.31875 0.69140625 0.06015625 0.15546875
2 0.20078125 0.69375 0.03125 0.1703125
2 0.14921875 0.91015625 0.06015625 0.17421875
2 0.47265625 0.4953125 0.02578125 0.12890625
2 0.49375 0.47109375 0.02890625 0.11640625
2 0.5125 0.41640625 0.02421875 0.13984375
2 0.5328125 0.465625 0.03125 0.11875
2 0.54921875 0.403125 0.02890625 0.12265625