0 0.22265625 0.534375 0.01328125 0.02265625
3 0.0125 0.59453125 0.025 0.1359375
2 0.81015625 0.70703125 0.04609375 0.1515625
2 0.71328125 0.57109375 0.03359375 0.12265625
2 0.52265625 0.61328125 0.0390625 0.1296875
2 0.4234375 0.671875 0.0390625 0.1265625
2 0.04296875 0.7609375 0.06328125 0.153125
2 0.059375 0.54765625 0.0296875 0.12734375
2 0.07890625 0.45 0.05078125 0.1125
2 0.2125 0.4796875 0.05703125 0.11640625
2 0.2828125 0.3921875 0.0265625 0.096875
2 0.34375 0.51171875 0.02734375 0.10078125
2 0.4609375 0.42109375 0.03359375 0.10703125
2 0.5140625 0.48984375 0.0359375 0.09375