0 0.4359375 0.49921875 0.01328125 0.0375
2 0.1734375 0.815625 0.03828125 0.1484375
2 0.38046875 0.634375 0.040625 0.14609375
1 0.1703125 0.3484375 0.04375 0.1109375
2 0.45546875 0.53359375 0.03125 0.146875
2 0.546875 0.57421875 0.02734375 0.140625
2 0.5375 0.4421875 0.03671875 0.12890625
2 0.6140625 0.3515625 0.03828125 0.11640625
2 0.6515625 0.3734375 0.03046875 0.121875
2 0.578125 0.7015625 0.04453125 0.13359375
2 0.68046875 0.60078125 0.0375 0.1484375
3 0.72578125 0.61953125 0.0328125 0.15859375
2 0.6609375 0.81484375 0.03828125 0.17109375
2 0.90234375 0.6640625 0.03125 0.16640625
2 0.9796875 0.4375 0.0359375 0.146875
3 0.33203125 0.19296875 0.0328125 0.10859375