0 0.45390625 0.49140625 0.0125 0.02265625
1 0.340625 0.3765625 0.0421875 0.084375
3 0.5234375 0.62890625 0.02890625 0.1234375
3 0.49375 0.2234375 0.0265625 0.08046875
2 0.38515625 0.9578125 0.0328125 0.084375
2 0.2046875 0.440625 0.03671875 0.10859375
2 0.2984375 0.4796875 0.0296875 0.1234375
2 0.4171875 0.4640625 0.01953125 0.11484375
2 0.4109375 0.39609375 0.021875 0.0578125
2 0.50546875 0.43671875 0.0328125 0.0984375
2 0.46796875 0.7328125 0.03359375 0.1328125
2 0.54140625 0.44296875 0.0328125 0.090625
2 0.57109375 0.4171875 0.04296875 0.10234375
2 0.5921875 0.4875 0.03125 0.09375
2 0.66171875 0.29765625 0.0375 0.0875
2 0.69140625 0.6875 0.034375 0.1375
2 0.91953125 0.43671875 0.01953125 0.1265625