3 0.975 0.5671875 0.040625 0.1828125
3 0.87578125 0.2515625 0.028125 0.10390625
1 0.228125 0.43203125 0.0484375 0.1515625
2 0.3421875 0.53125 0.03984375 0.15
2 0.45 0.58046875 0.05078125 0.14921875
2 0.55859375 0.40390625 0.03515625 0.1390625
2 0.5453125 0.45390625 0.03828125 0.125
2 0.58203125 0.4890625 0.05 0.13515625
2 0.62109375 0.53671875 0.05625 0.13671875
2 0.61171875 0.33515625 0.03359375 0.1125
2 0.771875 0.596875 0.03671875 0.1640625
2 0.81171875 0.56796875 0.04375 0.1765625
2 0.79921875 0.76875 0.046875 0.2171875