3 0.028125 0.51953125 0.0484375 0.125
2 0.125 0.61484375 0.05078125 0.1484375
2 0.196875 0.453125 0.02890625 0.115625
2 0.321875 0.39921875 0.0203125 0.0984375
2 0.309375 0.5171875 0.034375 0.109375
2 0.39375 0.459375 0.03671875 0.103125
2 0.4359375 0.4390625 0.04375 0.096875
2 0.4765625 0.4359375 0.03828125 0.08046875
2 0.5171875 0.46171875 0.0359375 0.0984375
2 0.5796875 0.55546875 0.03203125 0.1390625
2 0.53203125 0.6046875 0.0296875 0.140625
0 0.446875 0.47578125 0.01015625 0.0265625
1 0.6640625 0.45 0.02265625 0.08046875