0 0.3859375 0.5203125 0.0171875 0.0328125
1 0.1875 0.46171875 0.0359375 0.0875
2 0.14375 0.5640625 0.040625 0.11484375
2 0.1828125 0.60078125 0.02421875 0.1265625
2 0.33125 0.6421875 0.03828125 0.1296875
2 0.3796875 0.58046875 0.0421875 0.1109375
3 0.41328125 0.66796875 0.0265625 0.1390625
3 0.315625 0.403125 0.0265625 0.08359375
3 0.859375 0.33046875 0.01953125 0.06796875
2 0.9265625 0.6234375 0.046875 0.12734375
2 0.6328125 0.525 0.02734375 0.11484375
2 0.5953125 0.43125 0.0390625 0.0796875
2 0.5078125 0.49296875 0.021875 0.1046875
2 0.56015625 0.5484375 0.0390625 0.11484375
2 0.4734375 0.65546875 0.03671875 0.12890625
2 0.4265625 0.596875 0.0359375 0.05703125
2 0.43125 0.5140625 0.02578125 0.11328125