0 0.83984375 0.56796875 0.0125 0.0265625
2 0.86796875 0.53046875 0.04296875 0.115625
2 0.709375 0.521875 0.0296875 0.10859375
2 0.68671875 0.66640625 0.03515625 0.12578125
2 0.70625 0.7375 0.03125 0.15078125
2 0.809375 0.565625 0.0328125 0.13203125
2 0.42421875 0.56328125 0.03203125 0.1078125
2 0.3046875 0.78125 0.0421875 0.15703125
2 0.375 0.69140625 0.04140625 0.146875
2 0.48046875 0.60625 0.034375 0.13046875
1 0.2578125 0.4921875 0.0359375 0.08359375
3 0.771875 0.67109375 0.05234375 0.146875
2 0.45703125 0.6046875 0.0265625 0.075