0 0.6125 0.74453125 0.01328125 0.0265625
2 0.59296875 0.715625 0.05078125 0.1234375
2 0.534375 0.71796875 0.03515625 0.10703125
2 0.3828125 0.6453125 0.02734375 0.11640625
1 0.1921875 0.434375 0.0328125 0.10625
2 0.3859375 0.53125 0.0234375 0.096875
2 0.403125 0.54296875 0.0328125 0.09375
2 0.446875 0.4671875 0.02890625 0.08359375
2 0.51015625 0.4765625 0.03046875 0.096875
2 0.5765625 0.4390625 0.03203125 0.0984375
2 0.60546875 0.396875 0.02421875 0.0921875
2 0.6765625 0.58125 0.03203125 0.1203125
2 0.74375 0.3375 0.02265625 0.0875
2 0.72421875 0.42578125 0.0265625 0.0921875
2 0.75546875 0.49375 0.03671875 0.0984375
2 0.86484375 0.59921875 0.040625 0.12265625
3 0.70859375 0.67578125 0.028125 0.1265625
3 0.821875 0.24375 0.01953125 0.065625