0 0.375 0.50703125 0.01484375 0.0265625
2 0.34140625 0.446875 0.04921875 0.1109375
2 0.1015625 0.7203125 0.04140625 0.1828125
2 0.0125 0.55234375 0.025 0.15390625
2 0.4609375 0.46171875 0.03984375 0.11484375
2 0.39609375 0.57421875 0.034375 0.15390625
2 0.5484375 0.5296875 0.0265625 0.153125
2 0.590625 0.509375 0.0296875 0.13984375
2 0.65703125 0.5953125 0.040625 0.153125
2 0.68984375 0.62109375 0.06171875 0.1515625
2 0.740625 0.54765625 0.0296875 0.14609375
2 0.85703125 0.6078125 0.04609375 0.1578125
2 0.6671875 0.48515625 0.04453125 0.1046875