3 0.62265625 0.93984375 0.0390625 0.1203125
1 0.46953125 0.54453125 0.028125 0.12265625
2 0.15546875 0.87109375 0.04609375 0.171875
2 0.35234375 0.83203125 0.04140625 0.1640625
2 0.4359375 0.72890625 0.0359375 0.1578125
2 0.43828125 0.62109375 0.0359375 0.090625
2 0.46796875 0.60859375 0.03125 0.1109375
2 0.54921875 0.6203125 0.03046875 0.11328125
2 0.56484375 0.5375 0.0296875 0.12734375
2 0.5984375 0.55234375 0.03125 0.125
2 0.62265625 0.58515625 0.046875 0.1328125
2 0.6671875 0.51796875 0.02890625 0.11328125
2 0.690625 0.465625 0.03828125 0.1265625
2 0.70703125 0.68671875 0.034375 0.1515625
2 0.8640625 0.6109375 0.0296875 0.13671875
2 0.84375 0.57265625 0.02734375 0.14296875