0 0.53515625 0.6671875 0.01875 0.0390625
1 0.4046875 0.33125 0.0453125 0.1328125
2 0.18203125 0.69375 0.05390625 0.18046875
2 0.2921875 0.53984375 0.03203125 0.13984375
2 0.3375 0.55703125 0.0328125 0.16171875
2 0.52578125 0.3671875 0.03515625 0.1265625
2 0.4984375 0.61015625 0.08125 0.12109375
2 0.50859375 0.51640625 0.0484375 0.09609375
2 0.5453125 0.45234375 0.0390625 0.12265625
2 0.58203125 0.346875 0.028125 0.11484375
2 0.603125 0.3859375 0.03515625 0.13984375
2 0.66015625 0.35078125 0.040625 0.12109375
2 0.86484375 0.2578125 0.04375 0.14375
2 0.9515625 0.34921875 0.03828125 0.11484375
2 0.990625 0.471875 0.01875 0.15
2 0.6125 0.94375 0.04609375 0.1125
2 0.9734375 0.86328125 0.05234375 0.20234375
3 0.5625 0.73203125 0.04609375 0.19609375