1 0.9375 0.39921875 0.04375 0.1109375
2 0.66796875 0.675 0.046875 0.1328125
2 0.44453125 0.75546875 0.0375 0.1171875
2 0.1234375 0.6953125 0.040625 0.125
2 0.05390625 0.59296875 0.0296875 0.115625
0 0.11328125 0.5234375 0.0140625 0.028125
2 0.10234375 0.46953125 0.0375 0.08125
2 0.2625 0.4140625 0.03046875 0.103125
2 0.41015625 0.325 0.02265625 0.1015625
2 0.2921875 0.27109375 0.025 0.09609375
2 0.31953125 0.5796875 0.0328125 0.1203125
2 0.3890625 0.56875 0.02734375 0.1125
2 0.39453125 0.43671875 0.025 0.10625
2 0.415625 0.4890625 0.02578125 0.1171875
2 0.4828125 0.50546875 0.02578125 0.11015625
2 0.51171875 0.57109375 0.0390625 0.11484375
2 0.503125 0.4609375 0.0234375 0.0765625