1 0.303125 0.4296875 0.0515625 0.1171875
0 0.44296875 0.35078125 0.01171875 0.025
2 0.45625 0.3953125 0.0375 0.1234375
2 0.4859375 0.40078125 0.0328125 0.05703125
2 0.47265625 0.475 0.02734375 0.12265625
2 0.496875 0.48203125 0.0390625 0.14375
2 0.56875 0.434375 0.03046875 0.13671875
2 0.69296875 0.46875 0.03515625 0.14765625
2 0.796875 0.434375 0.03203125 0.1390625
2 0.7734375 0.28125 0.0421875 0.1109375
2 0.8421875 0.23125 0.02890625 0.11640625
2 0.8796875 0.54609375 0.03515625 0.1578125
2 0.953125 0.85078125 0.06484375 0.2046875