0 0.47890625 0.67578125 0.01484375 0.02890625
1 0.621875 0.365625 0.04765625 0.11015625
2 0.6875 0.68359375 0.03359375 0.1625
2 0.60234375 0.5875 0.03359375 0.1265625
2 0.40859375 0.74921875 0.0421875 0.1296875
2 0.36953125 0.725 0.04140625 0.13984375
2 0.36171875 0.621875 0.03203125 0.0875
2 0.4125 0.5125 0.03671875 0.1265625
2 0.48203125 0.4453125 0.04765625 0.12265625
2 0.375 0.36640625 0.03828125 0.11875
2 0.30234375 0.50859375 0.02890625 0.12734375
2 0.303125 0.3734375 0.03125 0.11328125
2 0.24765625 0.34609375 0.03125 0.12109375
2 0.26875 0.328125 0.02265625 0.11875
2 0.03359375 0.30546875 0.03046875 0.12109375