0 0.6421875 0.5375 0.0125 0.025
1 0.6625 0.5109375 0.0375 0.10859375
2 0.140625 0.7390625 0.046875 0.14453125
2 0.1625 0.69375 0.03046875 0.11796875
2 0.190625 0.471875 0.03203125 0.1265625
2 0.19375 0.5359375 0.04140625 0.1390625
2 0.2828125 0.415625 0.02734375 0.0609375
2 0.278125 0.49765625 0.03125 0.14609375
2 0.4109375 0.48359375 0.03046875 0.13046875
2 0.459375 0.4984375 0.0265625 0.121875
2 0.4375 0.45 0.021875 0.11640625
2 0.5390625 0.47890625 0.021875 0.13359375
2 0.6984375 0.553125 0.02265625 0.1375