2 0.646875 0.796875 0.05234375 0.19453125
2 0.9015625 0.465625 0.03203125 0.1453125
2 0.62890625 0.36015625 0.02890625 0.1171875
2 0.62265625 0.32265625 0.02109375 0.08984375
2 0.6359375 0.5046875 0.0296875 0.14609375
2 0.4765625 0.36875 0.028125 0.10625
2 0.43203125 0.36328125 0.053125 0.07578125
2 0.4125 0.33046875 0.025 0.10859375
2 0.37109375 0.3703125 0.02890625 0.1234375
2 0.2890625 0.30703125 0.03125 0.10859375
2 0.26484375 0.40625 0.03203125 0.1203125
3 0.0578125 0.384375 0.02421875 0.12265625
1 0.6953125 0.32734375 0.0546875 0.10390625