3 0.46484375 0.58203125 0.0421875 0.16640625
2 0.02109375 0.66484375 0.0421875 0.159375
2 0.1 0.5875 0.03515625 0.1640625
2 0.24921875 0.49296875 0.0671875 0.1375
2 0.30546875 0.51796875 0.05390625 0.1234375
2 0.3125 0.65078125 0.04140625 0.16015625
2 0.42578125 0.44140625 0.03671875 0.1328125
2 0.3828125 0.3703125 0.03203125 0.13359375
2 0.42734375 0.33359375 0.03515625 0.10859375
2 0.48828125 0.3296875 0.03515625 0.12109375
2 0.64296875 0.39140625 0.04296875 0.1109375
2 0.69921875 0.3984375 0.0453125 0.125
2 0.71953125 0.73515625 0.0328125 0.17578125
2 0.778125 0.54765625 0.040625 0.15546875
2 0.76171875 0.378125 0.03515625 0.12734375
2 0.72734375 0.303125 0.0375 0.11640625
2 0.66875 0.32734375 0.034375 0.12109375
0 0.69296875 0.453125 0.01484375 0.025