0 0.23203125 0.55 0.01328125 0.0265625
2 0.22890625 0.52109375 0.065625 0.11875
2 0.16484375 0.28671875 0.025 0.10390625
2 0.34609375 0.50859375 0.0421875 0.1234375
2 0.46484375 0.640625 0.05 0.14765625
2 0.48671875 0.634375 0.03515625 0.1296875
2 0.47578125 0.50859375 0.040625 0.11484375
2 0.50859375 0.54609375 0.03515625 0.125
2 0.54921875 0.525 0.04140625 0.11484375
2 0.59453125 0.5125 0.03828125 0.13125
2 0.64609375 0.565625 0.0546875 0.1109375
2 0.72109375 0.6234375 0.040625 0.13671875
2 0.74296875 0.60390625 0.04375 0.1390625
2 0.8125 0.66640625 0.04609375 0.14296875
2 0.9625 0.765625 0.046875 0.16015625
2 0.8203125 0.590625 0.0375 0.1328125
1 0.828125 0.54296875 0.0296875 0.12890625