3 0.321875 0.209375 0.03359375 0.10859375
3 0.61171875 0.4859375 0.03359375 0.14609375
1 0.15390625 0.3390625 0.0484375 0.096875
3 0.903125 0.13984375 0.03046875 0.07578125
2 0.46875 0.49296875 0.03359375 0.12265625
2 0.51171875 0.421875 0.034375 0.1234375
2 0.5359375 0.60390625 0.03203125 0.14296875
2 0.60625 0.6390625 0.03359375 0.15625
2 0.58828125 0.32421875 0.0296875 0.11484375
2 0.62421875 0.3171875 0.03515625 0.09609375
2 0.6328125 0.3703125 0.0421875 0.10859375
2 0.67578125 0.346875 0.0421875 0.096875
2 0.6875 0.27265625 0.02734375 0.078125
2 0.74765625 0.2546875 0.02578125 0.1109375
2 0.771875 0.29375 0.03671875 0.1125
2 0.80078125 0.3421875 0.05390625 0.10078125
2 0.80390625 0.296875 0.01953125 0.0578125
2 0.91015625 0.36328125 0.03515625 0.12109375
2 0.68359375 0.46640625 0.04296875 0.12734375
0 0.7953125 0.38984375 0.01796875 0.02421875