0 0.4796875 0.415625 0.015625 0.0375
2 0.3875 0.44921875 0.0359375 0.13359375
2 0.43671875 0.6296875 0.0359375 0.13984375
2 0.5140625 0.578125 0.0328125 0.1234375
2 0.53984375 0.5609375 0.03203125 0.1109375
2 0.9765625 0.53828125 0.0375 0.13515625
2 0.740625 0.28984375 0.02265625 0.1046875
2 0.675 0.375 0.034375 0.11640625
2 0.65390625 0.42265625 0.02265625 0.1109375
2 0.55859375 0.45703125 0.03359375 0.11328125
2 0.5671875 0.38359375 0.03203125 0.1125
3 0.7046875 0.63359375 0.04765625 0.13671875
3 0.96640625 0.12890625 0.028125 0.0859375
1 0.1671875 0.3734375 0.04921875 0.1046875