0 0.63671875 0.584375 0.01875 0.03046875
3 0.6015625 0.6109375 0.04296875 0.16953125
2 0.06640625 0.54765625 0.034375 0.15
2 0.190625 0.471875 0.03359375 0.1296875
2 0.2109375 0.5015625 0.0265625 0.14375
2 0.23359375 0.48046875 0.0234375 0.12265625
2 0.26328125 0.49375 0.05078125 0.13671875
2 0.3375 0.5140625 0.02734375 0.1390625
2 0.30859375 0.4921875 0.03828125 0.1109375
1 0.328125 0.4515625 0.03046875 0.08203125
2 0.403125 0.5015625 0.05625 0.12890625
2 0.40625 0.42109375 0.02734375 0.05703125
2 0.45078125 0.4625 0.02734375 0.12109375
2 0.575 0.5203125 0.05078125 0.0859375
2 0.63515625 0.475 0.03046875 0.12109375
2 0.6 0.459375 0.02734375 0.1234375
2 0.66875 0.47421875 0.0296875 0.1296875
2 0.7765625 0.421875 0.04765625 0.1109375
2 0.85703125 0.41640625 0.03515625 0.10859375
2 0.9453125 0.32734375 0.0203125 0.09375
3 0.98828125 0.32109375 0.0234375 0.10078125