1 0.32421875 0.340625 0.0375 0.128125
0 0.4171875 0.3734375 0.01953125 0.03359375
3 0.5359375 0.203125 0.0296875 0.1140625
3 0.690625 0.62734375 0.04140625 0.165625
2 0.1375 0.91875 0.05078125 0.1625
2 0.19375 0.765625 0.046875 0.175
2 0.4421875 0.43203125 0.040625 0.146875
2 0.5046875 0.334375 0.04453125 0.115625
2 0.57265625 0.4109375 0.05 0.05859375
2 0.63125 0.3 0.03984375 0.11953125
2 0.69296875 0.29609375 0.0328125 0.125
2 0.553125 0.540625 0.07265625 0.17890625
2 0.5859375 0.63125 0.040625 0.18203125
2 0.92109375 0.74140625 0.0453125 0.18046875
2 0.96875 0.4328125 0.03203125 0.1484375