0 0.590625 0.5171875 0.0171875 0.03046875
1 0.3625 0.51015625 0.04140625 0.084375
3 0.83125 0.67421875 0.053125 0.1515625
2 0.40390625 0.79140625 0.06875 0.14453125
2 0.42890625 0.69453125 0.0390625 0.13203125
2 0.584375 0.61875 0.03359375 0.12578125
2 0.6859375 0.528125 0.03828125 0.10625
2 0.725 0.503125 0.0453125 0.10390625
2 0.81953125 0.48984375 0.0328125 0.10546875
2 0.853125 0.5859375 0.028125 0.11796875
2 0.9390625 0.58671875 0.0453125 0.12265625
2 0.9859375 0.46015625 0.02734375 0.10390625
2 0.734375 0.71796875 0.0375 0.14453125
2 0.709375 0.6671875 0.0328125 0.11484375
2 0.70546875 0.60625 0.0140625 0.05546875