0 0.4625 0.60703125 0.01484375 0.02890625
2 0.01875 0.7484375 0.03359375 0.13515625
2 0.03359375 0.58046875 0.02734375 0.1234375
2 0.2265625 0.36015625 0.02578125 0.09609375
2 0.28515625 0.2578125 0.0203125 0.08046875
2 0.2421875 0.44453125 0.02734375 0.10078125
2 0.45546875 0.42578125 0.02890625 0.0984375
2 0.5125 0.48515625 0.03046875 0.0984375
2 0.546875 0.41015625 0.0375 0.09375
2 0.6703125 0.36953125 0.03359375 0.071875
2 0.6171875 0.44765625 0.0234375 0.10234375
2 0.6390625 0.47421875 0.03515625 0.10703125
2 0.5890625 0.61171875 0.04765625 0.1046875
2 0.4421875 0.596875 0.028125 0.10078125
2 0.41640625 0.59765625 0.0265625 0.10703125
2 0.409375 0.55234375 0.015625 0.07421875
2 0.42890625 0.52734375 0.01953125 0.04453125
2 0.60234375 0.55234375 0.01875 0.11015625
2 0.6140625 0.56015625 0.02265625 0.096875
3 0.20859375 0.48046875 0.02578125 0.1046875
1 0.8515625 0.4046875 0.02421875 0.0921875