1 0.025 0.5578125 0.0171875 0.04921875
2 0.24453125 0.61328125 0.0125 0.04140625
2 0.27265625 0.525 0.01640625 0.04140625
2 0.38515625 0.52734375 0.01171875 0.0390625
2 0.38203125 0.5640625 0.0109375 0.0421875
2 0.3671875 0.76640625 0.0140625 0.05078125
2 0.4671875 0.6234375 0.01328125 0.0453125
2 0.46015625 0.4515625 0.009375 0.03671875
3 0.5015625 0.48203125 0.01015625 0.04296875
2 0.48046875 0.58359375 0.0140625 0.04375
2 0.5046875 0.69765625 0.01484375 0.06015625
2 0.5296875 0.54609375 0.0140625 0.05
2 0.54140625 0.46328125 0.01328125 0.034375
2 0.54453125 0.5140625 0.01328125 0.0390625
2 0.54140625 0.5625 0.01171875 0.0484375
2 0.55390625 0.590625 0.01015625 0.040625
2 0.6015625 0.55078125 0.015625 0.04609375
2 0.70078125 0.53203125 0.01640625 0.0453125
2 0.6203125 0.4703125 0.0140625 0.03125
2 0.7203125 0.565625 0.0125 0.0390625
2 0.7375 0.63046875 0.015625 0.04296875
3 0.86484375 0.846875 0.021875 0.059375