2 0.090625 0.7328125 0.02734375 0.1453125
2 0.11171875 0.63828125 0.021875 0.1375
2 0.11484375 0.8078125 0.0375 0.1453125
2 0.1515625 0.6734375 0.0375 0.1375
2 0.2890625 0.4984375 0.028125 0.12734375
2 0.2953125 0.69609375 0.03515625 0.14375
2 0.31796875 0.6609375 0.028125 0.12734375
2 0.41875 0.3296875 0.01953125 0.10078125
2 0.4390625 0.28046875 0.025 0.10078125
2 0.5015625 0.465625 0.0375 0.1171875
2 0.603125 0.3859375 0.028125 0.10234375
2 0.65625 0.29140625 0.0234375 0.0984375
2 0.80234375 0.421875 0.03515625 0.0984375
2 0.9703125 0.4171875 0.02578125 0.1171875
2 0.80859375 0.86328125 0.03515625 0.15
2 0.59765625 0.8 0.02890625 0.1453125
3 0.62421875 0.5953125 0.034375 0.1375
3 0.078125 0.36171875 0.0265625 0.1203125
3 0.49765625 0.275 0.0265625 0.10234375
0 0.61484375 0.2109375 0.0125 0.02265625