3 0.03125 0.521875 0.0375 0.12265625
2 0.03046875 0.37109375 0.04296875 0.1171875
2 0.321875 0.2390625 0.03828125 0.10078125
2 0.13515625 0.82734375 0.03984375 0.175
2 0.18359375 0.775 0.04921875 0.15390625
2 0.3765625 0.64296875 0.0328125 0.15390625
2 0.4296875 0.80078125 0.0515625 0.15703125
2 0.55 0.59921875 0.04921875 0.12734375
2 0.5796875 0.4734375 0.0640625 0.115625
2 0.64140625 0.74296875 0.05625 0.1484375
2 0.66796875 0.403125 0.040625 0.1125
2 0.80703125 0.6640625 0.04296875 0.1203125
2 0.84921875 0.66796875 0.04765625 0.12734375
3 0.97421875 0.78984375 0.0515625 0.165625