3 0.35625 0.3703125 0.0234375 0.1109375
2 0.14453125 0.8515625 0.07109375 0.20703125
2 0.09296875 0.54375 0.02578125 0.14375
2 0.10859375 0.4875 0.028125 0.146875
2 0.27734375 0.34921875 0.040625 0.1015625
2 0.3125 0.32734375 0.0234375 0.09453125
2 0.3390625 0.31640625 0.021875 0.0984375
2 0.6109375 0.43828125 0.0296875 0.125
2 0.659375 0.52890625 0.0296875 0.13671875
2 0.40703125 0.8515625 0.0453125 0.18671875
2 0.621875 0.33515625 0.01796875 0.11015625
2 0.65234375 0.3984375 0.0359375 0.12421875
2 0.69375 0.3625 0.02265625 0.11328125
2 0.775 0.43125 0.021875 0.1328125
2 0.67890625 0.3625 0.0234375 0.10625
2 0.90859375 0.51484375 0.02578125 0.1421875
2 0.2921875 0.28046875 0.021875 0.07734375