0 0.571875 0.81875 0.0078125 0.01640625
2 0.1171875 0.66796875 0.01484375 0.0625
2 0.125 0.63984375 0.01484375 0.06171875
2 0.19375 0.465625 0.0140625 0.05546875
2 0.296875 0.62421875 0.0140625 0.065625
2 0.340625 0.6234375 0.02421875 0.059375
2 0.39140625 0.56640625 0.01484375 0.0546875
2 0.35625 0.325 0.0140625 0.04296875
2 0.49296875 0.321875 0.0109375 0.04609375
2 0.49375 0.40703125 0.01640625 0.0484375
2 0.5 0.4609375 0.0125 0.05546875
2 0.575 0.690625 0.01875 0.05234375
2 0.571875 0.85859375 0.01875 0.06328125
2 0.61875 0.7265625 0.01953125 0.06484375
2 0.60625 0.59296875 0.02265625 0.05546875
2 0.60703125 0.36171875 0.0171875 0.05
2 0.72265625 0.5296875 0.01171875 0.0546875
2 0.74140625 0.72578125 0.0140625 0.0671875
2 0.7609375 0.7171875 0.01640625 0.06796875
2 0.78203125 0.63359375 0.01875 0.065625
3 0.16953125 0.20859375 0.01328125 0.03671875
3 0.53359375 0.496875 0.015625 0.04765625
3 0.86484375 0.8171875 0.01875 0.0671875
1 0.93828125 0.38515625 0.0125 0.05234375