0 0.9140625 0.7125 0.02109375 0.03125
2 0.80390625 0.884375 0.03984375 0.12265625
2 0.33359375 0.78046875 0.02890625 0.1234375
2 0.2578125 0.60859375 0.028125 0.11875
2 0.17890625 0.56953125 0.03125 0.11875
2 0.2296875 0.290625 0.0234375 0.0984375
2 0.09765625 0.134375 0.01953125 0.07421875
2 0.3953125 0.20078125 0.0234375 0.08828125
2 0.51328125 0.5921875 0.03359375 0.10859375
2 0.45546875 0.06015625 0.021875 0.07421875
2 0.53125 0.065625 0.01640625 0.0734375
2 0.6296875 0.57421875 0.02578125 0.1125
2 0.8578125 0.5328125 0.05078125 0.10078125
2 0.71015625 0.178125 0.02109375 0.09609375
3 0.24609375 0.35234375 0.02109375 0.10625