2 0.0625 0.3796875 0.03515625 0.134375
2 0.1171875 0.54609375 0.02734375 0.14140625
2 0.1921875 0.3171875 0.03671875 0.10625
2 0.26640625 0.32734375 0.040625 0.115625
2 0.3140625 0.33984375 0.0328125 0.11484375
2 0.3390625 0.37578125 0.025 0.11953125
2 0.3765625 0.5109375 0.0296875 0.146875
2 0.30859375 0.72109375 0.03046875 0.15703125
2 0.51875 0.2578125 0.025 0.11484375
2 0.59609375 0.33125 0.02890625 0.1125
2 0.79609375 0.56015625 0.0296875 0.15546875
2 0.6015625 0.26875 0.02109375 0.09609375
2 0.92109375 0.4078125 0.034375 0.12421875
3 0.46484375 0.57265625 0.0296875 0.15078125
3 0.25703125 0.22734375 0.0265625 0.10546875