3 0.1515625 0.31171875 0.03359375 0.13203125
2 0.07890625 0.52109375 0.03359375 0.15859375
2 0.10859375 0.55234375 0.0296875 0.165625
2 0.10859375 0.284375 0.02421875 0.12578125
2 0.18828125 0.1921875 0.0296875 0.1015625
2 0.21171875 0.23046875 0.03125 0.10625
2 0.34609375 0.2375 0.028125 0.0984375
2 0.3875 0.2546875 0.02578125 0.1109375
2 0.5171875 0.234375 0.02578125 0.10546875
2 0.39296875 0.465625 0.02578125 0.14140625
2 0.64609375 0.5015625 0.04609375 0.1609375
2 0.7109375 0.484375 0.0375 0.15859375
2 0.759375 0.3671875 0.025 0.134375
2 0.78984375 0.48125 0.025 0.15078125
2 0.85 0.640625 0.0359375 0.16328125
2 0.928125 0.559375 0.03671875 0.165625