2 0.0546875 0.471875 0.025 0.1125
2 0.05390625 0.375 0.0265625 0.078125
2 0.08671875 0.3796875 0.01875 0.09296875
2 0.3625 0.315625 0.01953125 0.08046875
2 0.421875 0.371875 0.01875 0.0890625
2 0.46953125 0.66171875 0.034375 0.12890625
2 0.43125 0.309375 0.01953125 0.07890625
2 0.521875 0.30234375 0.02265625 0.0625
2 0.57265625 0.71328125 0.0296875 0.14296875
2 0.7625 0.93203125 0.0421875 0.1359375
2 0.6796875 0.43203125 0.021875 0.1
2 0.775 0.41015625 0.0328125 0.09609375
2 0.7015625 0.33984375 0.01875 0.0875
2 0.68203125 0.321875 0.025 0.07890625
2 0.86875 0.29609375 0.01640625 0.06953125
3 0.61015625 0.396875 0.0265625 0.09140625
3 0.190625 0.2734375 0.01171875 0.078125