0 0.48046875 0.121875 0.01328125 0.02109375
2 0.1703125 0.64765625 0.0390625 0.14921875
2 0.1921875 0.33359375 0.03671875 0.13515625
2 0.315625 0.2046875 0.02734375 0.09921875
2 0.484375 0.19609375 0.028125 0.1078125
2 0.47265625 0.25390625 0.0265625 0.1171875
2 0.44296875 0.54140625 0.02890625 0.15625
2 0.63515625 0.57421875 0.0328125 0.15546875
2 0.51796875 0.89140625 0.0484375 0.18046875
2 0.8359375 0.47421875 0.03046875 0.1421875
2 0.90390625 0.47890625 0.0375 0.1484375
2 0.98515625 0.8296875 0.0296875 0.178125
3 0.21953125 0.53671875 0.03671875 0.14609375