0 0.6203125 0.703125 0.0140625 0.02890625
2 0.65625 0.86953125 0.0375 0.12421875
2 0.34765625 0.6640625 0.034375 0.09921875
2 0.2015625 0.56171875 0.04921875 0.08828125
2 0.28203125 0.52265625 0.01953125 0.0984375
2 0.23828125 0.440625 0.040625 0.10078125
2 0.18359375 0.31171875 0.0296875 0.096875
2 0.35703125 0.3984375 0.025 0.10625
2 0.6 0.6234375 0.0328125 0.1171875
2 0.67421875 0.47578125 0.02734375 0.1109375
2 0.76953125 0.48046875 0.0328125 0.10859375
2 0.7796875 0.63828125 0.0390625 0.11015625
2 0.48828125 0.12265625 0.0234375 0.07890625
2 0.5421875 0.125 0.0203125 0.07890625
3 0.41875 0.26015625 0.025 0.09296875
3 0.53515625 0.91953125 0.0296875 0.13515625