0 0.41640625 0.69453125 0.02265625 0.040625
3 0.359375 0.20234375 0.0265625 0.10625
2 0.06875 0.61171875 0.04375 0.15546875
2 0.14609375 0.25859375 0.028125 0.11875
2 0.19453125 0.23359375 0.0296875 0.10625
2 0.25 0.61015625 0.040625 0.15546875
2 0.4046875 0.578125 0.0421875 0.14609375
2 0.35078125 0.8703125 0.05703125 0.19296875
2 0.4921875 0.16796875 0.02109375 0.0984375
2 0.6109375 0.1234375 0.0265625 0.096875
2 0.7078125 0.19921875 0.03515625 0.11015625
2 0.62734375 0.34921875 0.0328125 0.12734375
2 0.625 0.728125 0.0359375 0.1703125
2 0.71640625 0.49296875 0.04609375 0.12265625
2 0.86328125 0.5015625 0.0484375 0.12734375
2 0.928125 0.6921875 0.0484375 0.153125
2 0.8671875 0.7828125 0.03984375 0.1765625