2 0.12890625 0.4609375 0.0328125 0.15390625
2 0.2421875 0.315625 0.04609375 0.14375
2 0.35234375 0.3859375 0.03125 0.1453125
2 0.4453125 0.3078125 0.03203125 0.11875
2 0.475 0.528125 0.03515625 0.17265625
2 0.56875 0.2921875 0.0296875 0.1171875
2 0.646875 0.25234375 0.0234375 0.1234375
2 0.62421875 0.7828125 0.05625 0.196875
2 0.734375 0.28046875 0.04296875 0.1265625
2 0.86328125 0.36015625 0.03984375 0.1296875
2 0.91796875 0.37421875 0.02734375 0.1453125
3 0.6125 0.43359375 0.0375 0.14765625
2 0.45859375 0.2296875 0.02265625 0.12890625