0 0.68984375 0.1921875 0.009375 0.015625
2 0.08203125 0.47421875 0.0359375 0.1125
3 0.66953125 0.2390625 0.0265625 0.0921875
3 0.7921875 0.46484375 0.02578125 0.12890625
2 0.19921875 0.55546875 0.02421875 0.14375
2 0.265625 0.57109375 0.03046875 0.13984375
2 0.24296875 0.47578125 0.0265625 0.12890625
2 0.3828125 0.40234375 0.021875 0.1203125
2 0.40078125 0.38515625 0.02578125 0.12109375
2 0.471875 0.36015625 0.03359375 0.1046875
2 0.5421875 0.31640625 0.03203125 0.096875
2 0.6359375 0.29609375 0.02734375 0.096875
2 0.6921875 0.2421875 0.0203125 0.090625
2 0.76484375 0.29921875 0.03515625 0.09609375
2 0.82109375 0.29765625 0.0296875 0.08828125
2 0.5453125 0.56640625 0.0265625 0.13515625
2 0.68671875 0.4421875 0.028125 0.11875
2 0.659375 0.56953125 0.0296875 0.14140625
2 0.775 0.70078125 0.0359375 0.1640625