0 0.32890625 0.68671875 0.0171875 0.028125
2 0.0578125 0.6140625 0.03203125 0.1203125
2 0.09765625 0.5828125 0.0359375 0.09453125
2 0.09453125 0.36171875 0.025 0.0921875
2 0.240625 0.42890625 0.0328125 0.0984375
2 0.3484375 0.25859375 0.021875 0.08203125
2 0.3703125 0.44921875 0.021875 0.11484375
2 0.48046875 0.29375 0.01875 0.08984375
2 0.50625 0.3609375 0.02578125 0.09609375
2 0.57578125 0.37421875 0.025 0.10703125
2 0.40859375 0.8296875 0.0359375 0.16171875
2 0.58828125 0.74375 0.0375 0.13125
2 0.60546875 0.6265625 0.0328125 0.1234375
2 0.66171875 0.575 0.03125 0.125
2 0.746875 0.66015625 0.0359375 0.1390625
2 0.85390625 0.628125 0.03203125 0.1328125
2 0.75390625 0.49453125 0.03515625 0.11484375
1 0.90234375 0.28359375 0.021875 0.084375
3 0.43984375 0.43828125 0.03203125 0.10859375