3 0.771875 0.35 0.02890625 0.1390625
2 0.3921875 0.8890625 0.053125 0.221875
2 0.18359375 0.434375 0.040625 0.14375
2 0.08203125 0.34140625 0.0375 0.13515625
2 0.31171875 0.271875 0.03515625 0.1125
2 0.33203125 0.2875 0.04296875 0.0984375
2 0.46484375 0.58125 0.0375 0.165625
2 0.6328125 0.3515625 0.053125 0.1296875
2 0.67578125 0.35 0.034375 0.1265625
2 0.671875 0.2796875 0.0234375 0.0875
2 0.88515625 0.29296875 0.0265625 0.10859375
2 0.80703125 0.29140625 0.04296875 0.0984375
2 0.71171875 0.25859375 0.02265625 0.11015625
2 0.696875 0.26484375 0.025 0.10234375
3 0.159375 0.20859375 0.02578125 0.1