0 0.3671875 0.34296875 0.08671875 0.1578125
2 0.0703125 0.6375 0.05 0.23515625
2 0.10078125 0.596875 0.0265625 0.12734375
2 0.234375 0.61328125 0.0375 0.2046875
2 0.4234375 0.65859375 0.2125 0.6828125
2 0.578125 0.584375 0.0375 0.13125
2 0.61328125 0.58828125 0.03359375 0.12109375
2 0.75 0.56796875 0.01875 0.08359375
2 0.83515625 0.61171875 0.04609375 0.1625
2 0.85859375 0.59375 0.03671875 0.13984375
2 0.8859375 0.58359375 0.02890625 0.12734375
2 0.9171875 0.5890625 0.0328125 0.1171875
1 0.6515625 0.55859375 0.01953125 0.046875