0 0.36796875 0.75625 0.02109375 0.03359375
2 0.02265625 0.696875 0.0203125 0.09296875
2 0.23359375 0.46328125 0.0234375 0.071875
2 0.23828125 0.78203125 0.025 0.0984375
2 0.3078125 0.559375 0.02578125 0.08125
2 0.33984375 0.25390625 0.01640625 0.06328125
2 0.33828125 0.728125 0.02578125 0.09296875
2 0.42109375 0.66875 0.0296875 0.08671875
2 0.52421875 0.67734375 0.0328125 0.07890625
2 0.5890625 0.7828125 0.0203125 0.09375
2 0.62578125 0.35390625 0.015625 0.0703125
2 0.6078125 0.55703125 0.02109375 0.07890625
2 0.6390625 0.55234375 0.0125 0.07890625
2 0.7625 0.4796875 0.02421875 0.0796875
2 0.69296875 0.6484375 0.02109375 0.08828125
2 0.69140625 0.71640625 0.021875 0.096875
2 0.7875 0.7 0.02890625 0.09375
2 0.8421875 0.61953125 0.03984375 0.07890625
3 0.33046875 0.878125 0.025 0.09453125
2 0.34296875 0.834375 0.02421875 0.0484375
3 0.9734375 0.825 0.02734375 0.09609375
3 0.49921875 0.4703125 0.0234375 0.07734375