0 0.9296875 0.6390625 0.01328125 0.02578125
2 0.934375 0.69296875 0.02265625 0.08359375
3 0.96484375 0.68671875 0.02265625 0.09921875
1 0.33515625 0.53046875 0.01953125 0.07734375
2 0.025 0.575 0.01953125 0.08828125
2 0.06328125 0.77265625 0.0328125 0.11953125
2 0.1765625 0.85703125 0.025 0.11953125
2 0.315625 0.6109375 0.021875 0.09453125
2 0.33359375 0.621875 0.01796875 0.08671875
2 0.43359375 0.725 0.01640625 0.121875
2 0.44453125 0.69765625 0.021875 0.10859375
2 0.53671875 0.79765625 0.0296875 0.1109375
2 0.5875 0.69453125 0.02578125 0.10859375
2 0.61328125 0.775 0.0328125 0.1078125
2 0.628125 0.72109375 0.0296875 0.09453125