0 0.7734375 0.4484375 0.0171875 0.03125
2 0.8140625 0.68984375 0.05 0.1734375
2 0.5515625 0.6015625 0.02734375 0.15078125
2 0.44765625 0.4828125 0.03984375 0.125
2 0.54765625 0.53203125 0.02890625 0.06796875
2 0.6203125 0.44140625 0.059375 0.14453125
2 0.55859375 0.43984375 0.04375 0.10390625
2 0.15625 0.684375 0.0453125 0.1609375
2 0.2375 0.61171875 0.03125 0.1609375
2 0.3125 0.35625 0.03984375 0.103125
2 0.27890625 0.35859375 0.04296875 0.103125
2 0.140625 0.39296875 0.0359375 0.1171875
2 0.22109375 0.30703125 0.025 0.12421875
2 0.01875 0.24765625 0.025 0.11328125
2 0.07421875 0.2390625 0.02578125 0.11484375
1 0.303125 0.23984375 0.0296875 0.115625