0 0.5390625 0.73203125 0.0203125 0.028125
2 0.1703125 0.56875 0.02265625 0.11015625
2 0.1296875 0.309375 0.01953125 0.0859375
2 0.16015625 0.2765625 0.01875 0.08046875
2 0.3609375 0.22265625 0.02265625 0.0671875
2 0.50859375 0.54453125 0.0453125 0.10703125
2 0.6046875 0.6875 0.034375 0.1171875
2 0.46328125 0.85 0.05234375 0.13359375
2 0.5375 0.8234375 0.02578125 0.1390625
2 0.89609375 0.5875 0.03125 0.096875
2 0.63359375 0.4 0.02734375 0.07109375
3 0.59765625 0.346875 0.0203125 0.084375
2 0.61875 0.234375 0.0203125 0.07734375
2 0.60703125 0.165625 0.01953125 0.065625
2 0.7359375 0.140625 0.015625 0.0640625
2 0.78203125 0.23203125 0.01953125 0.06796875
2 0.78125 0.30390625 0.01953125 0.078125
2 0.990625 0.209375 0.01796875 0.07890625
1 0.1140625 0.178125 0.02109375 0.065625