0 0.47265625 0.55 0.01796875 0.028125
3 0.2890625 0.31328125 0.025 0.09140625
2 0.12578125 0.38671875 0.04375 0.090625
2 0.140625 0.55234375 0.03046875 0.11484375
2 0.21953125 0.6015625 0.03046875 0.1203125
2 0.153125 0.384375 0.03828125 0.1109375
2 0.28359375 0.22890625 0.021875 0.084375
2 0.5515625 0.76015625 0.04453125 0.14453125
2 0.42109375 0.64453125 0.0484375 0.12734375
2 0.3640625 0.47265625 0.034375 0.1125
2 0.4359375 0.4875 0.0375 0.1125
2 0.75234375 0.50546875 0.03359375 0.12578125
2 0.88046875 0.53671875 0.028125 0.11484375
2 0.90078125 0.2046875 0.02734375 0.090625
2 0.609375 0.025 0.0234375 0.05
2 0.4359375 0.0734375 0.01875 0.075
2 0.5421875 0.27265625 0.025 0.0890625
2 0.59765625 0.1828125 0.02421875 0.09296875