3 0.6296875 0.4921875 0.03515625 0.1375
3 0.0921875 0.25859375 0.02109375 0.07265625
2 0.096875 0.34296875 0.02890625 0.11015625
2 0.1484375 0.3234375 0.02890625 0.103125
2 0.28984375 0.328125 0.040625 0.103125
2 0.33046875 0.43203125 0.02890625 0.121875
2 0.39296875 0.43828125 0.02734375 0.12265625
2 0.37578125 0.690625 0.0390625 0.1515625
2 0.559375 0.70390625 0.03984375 0.15546875
2 0.70703125 0.3421875 0.021875 0.12421875
2 0.59296875 0.31796875 0.015625 0.103125
2 0.57578125 0.3203125 0.02578125 0.09296875
2 0.32578125 0.27421875 0.0296875 0.10625