0 0.3453125 0.72265625 0.01953125 0.02890625
2 0.08515625 0.58359375 0.04609375 0.1203125
2 0.12265625 0.50546875 0.06171875 0.084375
2 0.30078125 0.19921875 0.034375 0.09609375
2 0.43515625 0.0609375 0.02890625 0.0859375
2 0.50390625 0.04765625 0.02265625 0.078125
2 0.77265625 0.0328125 0.02109375 0.065625
2 0.83984375 0.18125 0.0359375 0.08984375
2 0.96875 0.5890625 0.03671875 0.13515625
2 0.6359375 0.5671875 0.04296875 0.11640625
2 0.66484375 0.75 0.05 0.1390625
2 0.70625 0.8546875 0.04296875 0.14375
2 0.3828125 0.81875 0.0546875 0.153125
2 0.2578125 0.7015625 0.059375 0.11484375
2 0.4296875 0.3984375 0.02734375 0.1171875
3 0.54765625 0.37421875 0.05 0.11484375