0 0.69921875 0.56875 0.015625 0.02421875
1 0.03828125 0.428125 0.02734375 0.1265625
3 0.2484375 0.253125 0.02109375 0.09453125
3 0.775 0.54453125 0.02109375 0.12734375
3 0.9484375 0.23359375 0.0234375 0.08828125
2 0.42734375 0.715625 0.02890625 0.14140625
2 0.54921875 0.51484375 0.03515625 0.1203125
2 0.55234375 0.44296875 0.0234375 0.08359375
2 0.56171875 0.76484375 0.03515625 0.15546875
2 0.6796875 0.51875 0.03203125 0.1265625
2 0.725 0.48671875 0.03046875 0.125
2 0.76171875 0.5578125 0.02109375 0.1265625
2 0.7609375 0.484375 0.02890625 0.06171875
2 0.80859375 0.57109375 0.0625 0.0578125
2 0.90390625 0.378125 0.028125 0.1046875
2 0.99296875 0.7390625 0.01328125 0.15