3 0.27890625 0.67578125 0.028125 0.16796875
2 0.08671875 0.296875 0.021875 0.10546875
2 0.015625 0.7828125 0.03125 0.159375
2 0.128125 0.31875 0.02109375 0.10390625
2 0.22890625 0.46953125 0.0296875 0.121875
2 0.3390625 0.39140625 0.03671875 0.11953125
2 0.334375 0.60546875 0.03125 0.13359375
2 0.40078125 0.56875 0.0296875 0.134375
2 0.4421875 0.48515625 0.03125 0.134375
2 0.1859375 0.92421875 0.03359375 0.1515625
2 0.4109375 0.790625 0.0515625 0.07109375
2 0.40078125 0.7140625 0.040625 0.128125
2 0.56171875 0.803125 0.0375 0.15703125
2 0.546875 0.61953125 0.02578125 0.13046875
2 0.48046875 0.565625 0.034375 0.13046875
2 0.475 0.52734375 0.02265625 0.10390625
1 0.74609375 0.353125 0.0203125 0.10390625