2 0.009375 0.3390625 0.01875 0.11953125
2 0.1921875 0.203125 0.034375 0.11953125
2 0.1796875 0.58515625 0.0328125 0.1375
2 0.2359375 0.765625 0.04609375 0.153125
2 0.278125 0.97578125 0.02421875 0.0484375
2 0.4765625 0.50703125 0.04296875 0.1390625
2 0.4890625 0.2203125 0.02421875 0.12890625
2 0.584375 0.046875 0.03125 0.09296875
2 0.7078125 0.4390625 0.040625 0.13046875
2 0.80625 0.340625 0.03515625 0.11953125
2 0.8078125 0.45234375 0.03828125 0.1265625
0 0.86015625 0.63515625 0.015625 0.02890625
2 0.8609375 0.659375 0.03203125 0.1390625
3 0.446875 0.60234375 0.02578125 0.18203125