2 0.3140625 0.4703125 0.02421875 0.109375
2 0.38046875 0.415625 0.0234375 0.10859375
2 0.40390625 0.42890625 0.0234375 0.1
2 0.4875 0.3953125 0.01796875 0.0984375
2 0.5765625 0.38671875 0.02421875 0.09609375
2 0.70625 0.49453125 0.02890625 0.1140625
2 0.62109375 0.309375 0.01875 0.08046875
2 0.6921875 0.29375 0.0171875 0.0765625
2 0.715625 0.309375 0.01796875 0.07890625
2 0.86953125 0.35 0.01875 0.09453125
2 0.9765625 0.375 0.01875 0.096875
1 0.1828125 0.38046875 0.021875 0.0890625
0 0.5875 0.28671875 0.0078125 0.015625
3 0.73125 0.315625 0.01953125 0.090625