3 0.53984375 0.43046875 0.0171875 0.1
0 0.4796875 0.39765625 0.00703125 0.0140625
2 0.0453125 0.609375 0.0390625 0.1125
2 0.0609375 0.5578125 0.03046875 0.10390625
2 0.0359375 0.4484375 0.02890625 0.09453125
2 0.290625 0.6890625 0.02578125 0.10546875
2 0.29375 0.79453125 0.02421875 0.1140625
2 0.4546875 0.47109375 0.02109375 0.09140625
2 0.47265625 0.4078125 0.0203125 0.0765625
2 0.48828125 0.43515625 0.01875 0.090625
2 0.515625 0.45546875 0.046875 0.03046875
2 0.57109375 0.51171875 0.025 0.09296875
2 0.69375 0.32734375 0.01796875 0.0765625
2 0.7046875 0.409375 0.02734375 0.08359375
2 0.7046875 0.49609375 0.025 0.09140625
2 0.659375 0.7703125 0.03828125 0.115625
2 0.73828125 0.9 0.0765625 0.053125
2 0.790625 0.6859375 0.0296875 0.11640625
2 0.9125 0.675 0.03046875 0.128125