3 0.49375 0.4953125 0.03359375 0.1515625
3 0.3609375 0.12109375 0.02109375 0.0890625
2 0.0453125 0.38046875 0.02578125 0.14140625
2 0.21796875 0.3171875 0.028125 0.12109375
2 0.30078125 0.2765625 0.021875 0.11640625
2 0.340625 0.265625 0.028125 0.1140625
2 0.3125 0.403125 0.05078125 0.12890625
2 0.290625 0.565625 0.03515625 0.14296875
2 0.38046875 0.39453125 0.0296875 0.13046875
2 0.4359375 0.4453125 0.03125 0.12890625
2 0.43125 0.371875 0.02890625 0.075
2 0.6296875 0.4765625 0.03828125 0.0609375
2 0.575 0.28203125 0.02578125 0.1140625
2 0.6234375 0.3390625 0.02421875 0.11953125
2 0.89375 0.61015625 0.03046875 0.159375
2 0.85859375 0.33359375 0.034375 0.1109375
2 0.88125 0.475 0.03046875 0.14140625
2 0.9078125 0.2375 0.02890625 0.10546875
0 0.83359375 0.278125 0.0140625 0.025