2 0.03203125 0.7390625 0.04609375 0.19609375
2 0.125 0.91796875 0.03984375 0.16171875
2 0.3109375 0.8765625 0.040625 0.21953125
2 0.28359375 0.4546875 0.040625 0.17421875
2 0.3140625 0.475 0.040625 0.1640625
2 0.3609375 0.51640625 0.0328125 0.15625
2 0.4 0.5453125 0.0296875 0.17890625
2 0.734375 0.8796875 0.0546875 0.221875
2 0.5171875 0.6140625 0.03828125 0.165625
2 0.44140625 0.540625 0.03203125 0.16171875
2 0.478125 0.528125 0.05859375 0.16640625
2 0.503125 0.4875 0.03125 0.1640625
2 0.54765625 0.5328125 0.03671875 0.16953125
2 0.5328125 0.44765625 0.0234375 0.06171875
2 0.525 0.41796875 0.02109375 0.0734375
2 0.4328125 0.41484375 0.02109375 0.06953125
2 0.625 0.54140625 0.0359375 0.16015625
2 0.6484375 0.52109375 0.03203125 0.17265625
2 0.65625 0.41953125 0.03359375 0.1046875
3 0.44296875 0.43515625 0.04140625 0.10234375