2 0.06484375 0.7578125 0.0671875 0.20390625
2 0.0390625 0.31875 0.03671875 0.14296875
2 0.065625 0.33515625 0.0375 0.15703125
2 0.3078125 0.2703125 0.03125 0.1375
2 0.3640625 0.46328125 0.03828125 0.159375
2 0.4546875 0.47109375 0.065625 0.16640625
2 0.5796875 0.45 0.0359375 0.16953125
2 0.4703125 0.328125 0.0515625 0.128125
2 0.55625 0.296875 0.03359375 0.1375
2 0.39453125 0.4296875 0.04375 0.07109375
2 0.3703125 0.365625 0.0421875 0.075
3 0.3359375 0.328125 0.04296875 0.18359375
0 0.48125 0.53515625 0.01796875 0.03203125