3 0.58828125 0.56328125 0.03359375 0.14375
2 0.16484375 0.4796875 0.0265625 0.1265625
2 0.24453125 0.36328125 0.01875 0.1203125
2 0.27421875 0.61640625 0.02734375 0.13671875
2 0.35703125 0.27265625 0.021875 0.09375
2 0.57890625 0.221875 0.025 0.08203125
2 0.45 0.3796875 0.0203125 0.11015625
2 0.471875 0.4234375 0.02265625 0.11484375
2 0.478125 0.5765625 0.03359375 0.10703125
2 0.55703125 0.58046875 0.0296875 0.1296875
2 0.58828125 0.725 0.0359375 0.14921875
2 0.80390625 0.465625 0.0375 0.125
2 0.88046875 0.43203125 0.02734375 0.1109375
0 0.6078125 0.45546875 0.02265625 0.028125
3 0.59375 0.1109375 0.0140625 0.065625