2 0.25859375 0.66328125 0.0171875 0.14765625
2 0.38515625 0.71875 0.02890625 0.14921875
2 0.4453125 0.6890625 0.03203125 0.14609375
2 0.4171875 0.53203125 0.04140625 0.09453125
2 0.45390625 0.4640625 0.0375 0.10703125
2 0.58203125 0.34296875 0.02734375 0.12265625
2 0.5328125 0.48828125 0.02734375 0.1375
2 0.59765625 0.4875 0.03515625 0.13359375
2 0.678125 0.49375 0.03125 0.13671875
2 0.64921875 0.940625 0.0328125 0.11875
2 0.76875 0.6703125 0.025 0.14921875
2 0.7078125 0.54453125 0.04296875 0.14296875
2 0.71171875 0.45234375 0.04296875 0.090625
2 0.753125 0.53828125 0.0203125 0.12734375
2 0.98046875 0.60078125 0.0265625 0.1390625
2 0.76171875 0.45390625 0.02578125 0.06953125
2 0.8046875 0.2640625 0.0265625 0.11640625
3 0.73671875 0.4984375 0.0234375 0.14609375
3 0.778125 0.0578125 0.02421875 0.10390625
3 0.0234375 0.23828125 0.02734375 0.10859375