3 0.0109375 0.78359375 0.0203125 0.0734375
3 0.0015625 0.1296875 0.003125 0.05
3 0.03046875 0.25625 0.01328125 0.046875
3 0.1296875 0.25625 0.0125 0.05390625
3 0.1515625 0.2390625 0.0109375 0.05390625
3 0.1421875 0.1671875 0.01171875 0.0453125
3 0.121875 0.1171875 0.0125 0.04609375
3 0.21875 0.128125 0.01171875 0.04609375
3 0.27421875 0.2015625 0.0125 0.0484375
3 0.3109375 0.1671875 0.0125 0.05390625
3 0.16328125 0.29765625 0.01015625 0.0484375
3 0.20625 0.3015625 0.0125 0.053125
3 0.1921875 0.4125 0.0125 0.06171875
3 0.44140625 0.2234375 0.0109375 0.04765625
3 0.03203125 0.0296875 0.0125 0.046875
3 0.4296875 0.12265625 0.01171875 0.0328125