3 0.9046875 0.903125 0.0375 0.10234375
3 0.65 0.93515625 0.03125 0.11015625
3 0.7796875 0.6078125 0.0328125 0.09921875
3 0.5921875 0.7484375 0.03125 0.09296875
3 0.3265625 0.95234375 0.034375 0.07109375
3 0.2484375 0.934375 0.0375 0.0921875
3 0.19921875 0.784375 0.03359375 0.10703125
3 0.2140625 0.715625 0.03203125 0.10234375
3 0.359375 0.63984375 0.0390625 0.1
3 0.47109375 0.5984375 0.0296875 0.090625
3 0.515625 0.7328125 0.0296875 0.0890625
3 0.65390625 0.5015625 0.034375 0.08125
2 0.54375 0.58828125 0.0125 0.02109375
3 0.8828125 0.959375 0.03984375 0.08046875
3 0.225 0.45625 0.0328125 0.08515625