3 0.9265625 0.91015625 0.03515625 0.1046875
3 0.66484375 0.94765625 0.028125 0.1046875
3 0.7859375 0.6109375 0.03046875 0.1015625
3 0.5984375 0.7625 0.02890625 0.0953125
3 0.3328125 0.96875 0.03203125 0.0484375
3 0.25078125 0.953125 0.034375 0.06953125
3 0.19453125 0.8125 0.03125 0.11015625
3 0.2078125 0.7421875 0.02890625 0.1046875
3 0.3546875 0.6578125 0.03671875 0.10234375
3 0.46796875 0.6125 0.02734375 0.0921875
3 0.51875 0.7484375 0.02734375 0.090625
3 0.653125 0.5046875 0.03203125 0.08359375
2 0.5421875 0.5984375 0.01171875 0.02109375
3 0.90703125 0.9625 0.0359375 0.075
3 0.209375 0.47421875 0.03046875 0.08671875