3 0.775 0.99921875 0.03828125 0.0015625
3 0.7296875 0.9578125 0.0265625 0.08359375
3 0.815625 0.8640625 0.03046875 0.09296875
3 0.85390625 0.8140625 0.01953125 0.08828125
3 0.73125 0.68125 0.02109375 0.07265625
3 0.640625 0.7 0.01953125 0.07890625
2 0.7578125 0.9265625 0.01171875 0.0234375
3 0.4578125 0.98671875 0.02421875 0.02578125
3 0.3625 0.9515625 0.01875 0.0921875
3 0.265625 0.76796875 0.0203125 0.096875
3 0.3609375 0.7265625 0.0234375 0.09375
3 0.5125 0.5859375 0.03125 0.08046875
3 0.6765625 0.5421875 0.025 0.08515625
3 0.7296875 0.571875 0.02421875 0.07734375
3 0.85078125 0.58515625 0.0234375 0.08828125
3 0.971875 0.8109375 0.0265625 0.08359375
3 0.2578125 0.5203125 0.021875 0.07578125