3 0.78125 0.94296875 0.034375 0.07109375
3 0.8671875 0.8390625 0.040625 0.10625
3 0.903125 0.77890625 0.02890625 0.09921875
3 0.7515625 0.64609375 0.028125 0.0828125
3 0.653125 0.67734375 0.02734375 0.0890625
2 0.81015625 0.915625 0.0140625 0.0265625
3 0.37265625 0.96796875 0.0265625 0.0640625
3 0.246875 0.7953125 0.03046875 0.11015625
3 0.34765625 0.73828125 0.03359375 0.10625
3 0.49765625 0.5640625 0.040625 0.09140625
3 0.675 0.496875 0.034375 0.096875
3 0.7375 0.5234375 0.0328125 0.08828125
3 0.87265625 0.525 0.0328125 0.1
3 0.209375 0.52109375 0.03046875 0.0859375