3 0.1984375 0.9546875 0.03125 0.05234375
3 0.109375 0.8609375 0.0390625 0.10625
3 0.071875 0.8015625 0.02734375 0.1
3 0.221875 0.665625 0.02734375 0.08359375
3 0.321875 0.6953125 0.0265625 0.08984375
2 0.16796875 0.9375 0.0140625 0.0265625
3 0.60859375 0.975 0.0234375 0.04921875
3 0.7328125 0.80703125 0.02890625 0.1109375
3 0.6296875 0.7515625 0.03203125 0.10703125
3 0.47578125 0.578125 0.0390625 0.0921875
3 0.296875 0.5140625 0.03359375 0.096875
3 0.234375 0.5421875 0.03125 0.08828125
3 0.09765625 0.5453125 0.03125 0.1
3 0.765625 0.5296875 0.02890625 0.08671875