1 0.0953125 0.971875 0.028125 0.05546875
3 0.021875 0.85390625 0.0234375 0.09140625
3 0.0515625 0.5828125 0.0296875 0.0890625
1 0.06875 0.5671875 0.0171875 0.09140625
1 0.2078125 0.7203125 0.01796875 0.08046875
3 0.275 0.7 0.025 0.0890625
3 0.3515625 0.5703125 0.01796875 0.090625
1 0.3671875 0.5796875 0.02578125 0.08046875
1 0.58828125 0.9734375 0.0234375 0.053125
1 0.63125 0.73359375 0.0296875 0.09375
3 0.8421875 0.7515625 0.03125 0.09453125
4 0.0046875 0.2625 0.009375 0.06953125
0 0.0890625 0.778125 0.0265625 0.090625
0 0.8875 0.53046875 0.02265625 0.0875