3 0.65078125 0.9609375 0.0296875 0.078125
3 0.5796875 0.765625 0.021875 0.09609375
3 0.4765625 0.7796875 0.02734375 0.0859375
3 0.4296875 0.76953125 0.03359375 0.07578125
3 0.3828125 0.65390625 0.03203125 0.0734375
2 0.340625 0.81640625 0.0109375 0.015625
3 0.2015625 0.7875 0.02734375 0.08984375
3 0.2359375 0.9453125 0.02890625 0.1015625
3 0.18203125 0.7984375 0.03671875 0.09453125
3 0.0328125 0.90625 0.025 0.10546875
3 0.028125 0.859375 0.03359375 0.07890625
3 0.0234375 0.840625 0.03203125 0.0828125