3 0.6796875 0.29453125 0.025 0.11171875
3 0.5765625 0.6140625 0.0390625 0.125
3 0.5234375 0.4546875 0.0234375 0.1125
3 0.53984375 0.6828125 0.0265625 0.11953125
3 0.51875 0.66953125 0.02265625 0.1203125
3 0.5328125 0.64609375 0.021875 0.1171875
3 0.4796875 0.58046875 0.028125 0.125
3 0.446875 0.63125 0.0359375 0.12109375
3 0.428125 0.7859375 0.025 0.125
3 0.3140625 0.646875 0.0296875 0.13046875
3 0.2 0.55 0.02734375 0.1234375
3 0.334375 0.3671875 0.0328125 0.103125
3 0.0640625 0.7015625 0.02734375 0.11015625
3 0.21015625 0.2234375 0.02265625 0.10546875
3 0.15 0.29609375 0.0265625 0.103125
3 0.0546875 0.0671875 0.025 0.090625
3 0.55234375 0.228125 0.0234375 0.10859375