3 0.0859375 0.2859375 0.03515625 0.10546875
3 0.028125 0.090625 0.02421875 0.090625
3 0.40625 0.0953125 0.0375 0.11015625
3 0.3515625 0.2515625 0.03828125 0.12265625
3 0.3578125 0.38125 0.03984375 0.10703125
3 0.5859375 0.32734375 0.028125 0.12265625
3 0.775 0.3140625 0.0375 0.11171875
3 0.540625 0.478125 0.03046875 0.11875
3 0.565625 0.54609375 0.03046875 0.134375
3 0.6265625 0.58984375 0.03046875 0.12734375
3 0.6046875 0.58125 0.0265625 0.0890625
3 0.60390625 0.6578125 0.0375 0.11875
3 0.57890625 0.62421875 0.028125 0.12734375
3 0.5171875 0.6328125 0.03359375 0.12890625
3 0.5515625 0.7203125 0.028125 0.1453125
3 0.459375 0.8296875 0.03984375 0.134375
3 0.33125 0.790625 0.04296875 0.1046875
3 0.34921875 0.5859375 0.0390625 0.12890625
3 0.2375 0.73515625 0.02890625 0.12578125