3 0.9296875 0.2890625 0.0359375 0.10859375
3 0.98125 0.084375 0.02421875 0.09453125
3 0.59375 0.1046875 0.0390625 0.1140625
3 0.65625 0.26328125 0.0390625 0.1265625
3 0.6546875 0.396875 0.040625 0.11015625
3 0.4171875 0.35 0.02890625 0.12578125
3 0.2234375 0.3421875 0.0390625 0.115625
3 0.46953125 0.50234375 0.03125 0.12265625
3 0.446875 0.5734375 0.03125 0.13828125
3 0.38515625 0.621875 0.03125 0.13125
3 0.4078125 0.6125 0.02734375 0.0921875
3 0.4109375 0.690625 0.03828125 0.12265625
3 0.4359375 0.6546875 0.02890625 0.13125
3 0.4984375 0.66171875 0.034375 0.13359375
3 0.4671875 0.753125 0.028125 0.14921875
3 0.565625 0.8625 0.04140625 0.13828125
3 0.69609375 0.8171875 0.04375 0.1078125
3 0.6703125 0.60625 0.03984375 0.13359375
3 0.790625 0.75703125 0.0296875 0.1296875