3 0.0640625 0.103125 0.028125 0.09609375
3 0.15390625 0.309375 0.03203125 0.0984375
3 0.3921875 0.36875 0.053125 0.11171875
3 0.4359375 0.296875 0.03046875 0.11875
3 0.5140625 0.228125 0.03203125 0.1171875
3 0.56875 0.39140625 0.028125 0.09453125
3 0.5578125 0.465625 0.025 0.0890625
3 0.57421875 0.4765625 0.02265625 0.06640625
3 0.5703125 0.5171875 0.02109375 0.07890625
3 0.5609375 0.5515625 0.0359375 0.11953125
3 0.56328125 0.6015625 0.028125 0.12109375
3 0.7671875 0.30390625 0.0265625 0.11875
3 0.5359375 0.521875 0.03046875 0.1171875
3 0.5359375 0.56875 0.03125 0.128125
3 0.503125 0.546875 0.02890625 0.11171875
3 0.46640625 0.53359375 0.03125 0.11953125
3 0.50234375 0.6984375 0.0359375 0.12578125
3 0.3890625 0.72109375 0.03125 0.115625
3 0.3078125 0.68671875 0.03203125 0.13203125
3 0.39375 0.85 0.03515625 0.10625