3 0.91015625 0.04296875 0.0359375 0.0859375
3 0.83203125 0.25625 0.03984375 0.1046875
3 0.5890625 0.3359375 0.0640625 0.11953125
3 0.5375 0.2640625 0.03984375 0.12578125
3 0.4515625 0.19765625 0.04140625 0.12421875
3 0.4078125 0.371875 0.0359375 0.1
3 0.4234375 0.44921875 0.03203125 0.09453125
3 0.40703125 0.46171875 0.028125 0.07109375
3 0.4140625 0.50390625 0.02734375 0.08359375
3 0.42734375 0.5390625 0.04609375 0.12734375
3 0.428125 0.59140625 0.03828125 0.12734375
3 0.19375 0.2953125 0.0359375 0.12578125
3 0.45 0.50625 0.040625 0.12421875
3 0.453125 0.5546875 0.0421875 0.1359375
3 0.4859375 0.53046875 0.03828125 0.11796875
3 0.5234375 0.51328125 0.040625 0.1265625
3 0.4984375 0.6875 0.04609375 0.1328125
3 0.6171875 0.70390625 0.040625 0.121875
3 0.7 0.6625 0.04296875 0.1390625
3 0.62265625 0.8390625 0.04453125 0.11328125