3 0.5015625 0.04765625 0.04296875 0.0953125
3 0.12265625 0.0984375 0.03125 0.10625
3 0.2046875 0.2609375 0.03125 0.115625
3 0.840625 0.27109375 0.040625 0.1265625
3 0.7203125 0.40078125 0.03515625 0.1203125
3 0.5359375 0.3203125 0.0296875 0.1375
3 0.5078125 0.38984375 0.0328125 0.1265625
3 0.6203125 0.38984375 0.028125 0.10625
3 0.65 0.4765625 0.0328125 0.12734375
3 0.6265625 0.5375 0.025 0.13046875
3 0.60625 0.48984375 0.028125 0.125
3 0.6 0.4484375 0.021875 0.08203125
3 0.5796875 0.503125 0.02890625 0.134375
3 0.5625 0.5421875 0.028125 0.1328125
3 0.5359375 0.51796875 0.0328125 0.134375
3 0.58671875 0.803125 0.028125 0.1296875
3 0.57890625 0.7421875 0.02421875 0.1390625
3 0.36015625 0.75625 0.03046875 0.14765625
3 0.5171875 0.884375 0.06171875 0.1734375