3 0.5359375 0.08125 0.03828125 0.103125
3 0.8765625 0.13359375 0.028125 0.0953125
3 0.803125 0.2796875 0.028125 0.103125
3 0.2296875 0.2890625 0.0359375 0.11328125
3 0.3390625 0.40546875 0.03125 0.1078125
3 0.5046875 0.33359375 0.0265625 0.1234375
3 0.5296875 0.3953125 0.0296875 0.1125
3 0.428125 0.3953125 0.025 0.0953125
3 0.40234375 0.4734375 0.02890625 0.1140625
3 0.42265625 0.528125 0.02265625 0.1171875
3 0.44140625 0.48515625 0.025 0.1125
3 0.446875 0.44765625 0.01953125 0.0734375
3 0.46484375 0.496875 0.0265625 0.1203125
3 0.48125 0.5328125 0.02578125 0.11953125
3 0.5046875 0.5109375 0.0296875 0.1203125
3 0.459375 0.765625 0.02578125 0.115625
3 0.465625 0.7109375 0.021875 0.125
3 0.6625 0.72421875 0.02734375 0.1328125
3 0.52109375 0.8390625 0.05625 0.15625