3 0.15625 0.084375 0.034375 0.10234375
3 0.171875 0.1765625 0.03359375 0.10703125
3 0.3046875 0.6859375 0.040625 0.1421875
3 0.47734375 0.74765625 0.03984375 0.146875
3 0.49765625 0.7875 0.0421875 0.11171875
3 0.3984375 0.85234375 0.071875 0.16640625
3 0.5421875 0.35 0.03671875 0.121875
3 0.5546875 0.39453125 0.03359375 0.11484375
3 0.5671875 0.4046875 0.034375 0.11171875
3 0.5625 0.5046875 0.04140625 0.12265625
3 0.4796875 0.375 0.04375 0.121875
3 0.4875 0.45546875 0.0390625 0.1265625
3 0.5046875 0.4984375 0.03984375 0.128125
3 0.525 0.5421875 0.04140625 0.12421875
3 0.53125 0.5078125 0.04296875 0.128125
3 0.7625 0.4171875 0.04140625 0.12109375
3 0.81484375 0.3234375 0.0390625 0.1203125