3 0.3515625 0.0125 0.028125 0.01640625
3 0.0890625 0.15859375 0.028125 0.10390625
3 0.1171875 0.25 0.02734375 0.10859375
3 0.32421875 0.746875 0.03125 0.14453125
3 0.50859375 0.7859375 0.03046875 0.14921875
3 0.534375 0.8234375 0.0359375 0.1125
3 0.44296875 0.903125 0.0625 0.1671875
3 0.51796875 0.3734375 0.0296875 0.12421875
3 0.53671875 0.41640625 0.0265625 0.11640625
3 0.55 0.425 0.02734375 0.11328125
3 0.559375 0.5265625 0.03359375 0.12421875
3 0.4578125 0.4078125 0.0359375 0.1234375
3 0.47734375 0.4875 0.03125 0.12890625
3 0.5 0.528125 0.03125 0.1296875
3 0.5265625 0.5703125 0.03359375 0.12578125
3 0.52890625 0.5328125 0.03515625 0.1296875
3 0.75 0.409375 0.034375 0.121875
3 0.78984375 0.30703125 0.03203125 0.121875