3 0.8421875 0.15 0.03046875 0.10078125
3 0.86875 0.23046875 0.03515625 0.08984375
3 0.8734375 0.3015625 0.03046875 0.109375
3 0.46015625 0.0578125 0.03359375 0.10859375
3 0.5203125 0.3703125 0.0390625 0.11015625
3 0.53125 0.4921875 0.03671875 0.115625
3 0.45078125 0.39375 0.02578125 0.1015625
3 0.465625 0.4359375 0.0421875 0.11640625
3 0.5 0.528125 0.03515625 0.11796875
3 0.48125 0.54765625 0.03984375 0.13046875
3 0.4546875 0.553125 0.03671875 0.13125
3 0.446875 0.509375 0.05078125 0.1203125
3 0.45390625 0.471875 0.034375 0.0953125
3 0.4296875 0.459375 0.0328125 0.11015625
3 0.4828125 0.76875 0.04140625 0.1421875
3 0.415625 0.81171875 0.04609375 0.12421875
3 0.6859375 0.7328125 0.0390625 0.13125
3 0.590625 0.86875 0.0390625 0.13046875
3 0.1984375 0.465625 0.040625 0.121875
3 0.1640625 0.34375 0.03359375 0.13046875