3 0.090625 0.0515625 0.03203125 0.10234375
3 0.0625 0.134375 0.0375 0.096875
3 0.0578125 0.2109375 0.03203125 0.1171875
3 0.4359375 0.284375 0.0421875 0.11875
3 0.425 0.415625 0.0390625 0.12421875
3 0.5109375 0.309375 0.02734375 0.109375
3 0.49375 0.35546875 0.04453125 0.125
3 0.4578125 0.4546875 0.0375 0.1265625
3 0.4765625 0.475 0.04296875 0.13984375
3 0.50625 0.48125 0.0390625 0.140625
3 0.5140625 0.434375 0.0546875 0.1296875
3 0.50703125 0.39375 0.0375 0.10234375
3 0.5328125 0.3796875 0.03515625 0.11875
3 0.47578125 0.71328125 0.04453125 0.15234375
3 0.5484375 0.759375 0.05 0.13359375
3 0.2578125 0.6734375 0.04140625 0.14140625
3 0.3609375 0.8203125 0.0421875 0.140625
3 0.78046875 0.3875 0.04375 0.13125
3 0.8171875 0.25625 0.0359375 0.13984375