3 0.12265625 0.1953125 0.02890625 0.103125
3 0.109375 0.2796875 0.034375 0.09140625
3 0.115625 0.35234375 0.02890625 0.1109375
3 0.49375 0.046875 0.03125 0.09375
3 0.48203125 0.36484375 0.03828125 0.11171875
3 0.490625 0.48984375 0.03515625 0.1171875
3 0.5546875 0.37734375 0.02421875 0.103125
3 0.546875 0.42265625 0.040625 0.11796875
3 0.52734375 0.52109375 0.03359375 0.11953125
3 0.5484375 0.5375 0.03828125 0.13203125
3 0.5765625 0.5390625 0.03515625 0.1328125
3 0.57734375 0.49375 0.05 0.121875
3 0.56484375 0.45625 0.03359375 0.096875
3 0.5875 0.440625 0.03203125 0.11171875
3 0.5828125 0.76015625 0.03984375 0.14453125
3 0.6578125 0.7921875 0.0453125 0.12578125
3 0.37265625 0.75546875 0.0375 0.13359375
3 0.490625 0.878125 0.03828125 0.1328125
3 0.8203125 0.41015625 0.03984375 0.12421875
3 0.8359375 0.2828125 0.03203125 0.1328125