3 0.0828125 0.0515625 0.03828125 0.103125
3 0.2875 0.0359375 0.03671875 0.07109375
3 0.0921875 0.2484375 0.0375 0.13046875
3 0.32109375 0.16640625 0.0453125 0.10625
3 0.365625 0.1765625 0.04296875 0.12890625
3 0.2140625 0.3703125 0.040625 0.1359375
3 0.26640625 0.3703125 0.04375 0.134375
3 0.31484375 0.3765625 0.03828125 0.12421875
3 0.34375 0.4078125 0.05 0.1421875
3 0.465625 0.41953125 0.04296875 0.11953125
3 0.49453125 0.4234375 0.03984375 0.12421875
3 0.5609375 0.3828125 0.0421875 0.1359375
3 0.61875 0.3828125 0.05078125 0.13203125
3 0.371875 0.7140625 0.0453125 0.1234375
3 0.709375 0.54296875 0.04609375 0.1328125
3 0.73046875 0.2578125 0.0484375 0.1171875
3 0.7171875 0.1953125 0.040625 0.10625
3 0.5640625 0.0265625 0.03984375 0.04765625