2 0.79140625 0.7203125 0.0171875 0.02421875
3 0.19921875 0.97265625 0.0328125 0.0546875
3 0.29140625 0.9890625 0.0234375 0.02109375
3 0.54765625 0.92890625 0.04453125 0.10703125
3 0.684375 0.95 0.03046875 0.06953125
3 0.4296875 0.8734375 0.03203125 0.11015625
3 0.45625 0.821875 0.03125 0.10625
3 0.65625 0.84375 0.03359375 0.09453125
3 0.659375 0.63125 0.04765625 0.09609375
3 0.7390625 0.6328125 0.03046875 0.10390625
3 0.8046875 0.6125 0.03515625 0.0984375
3 0.86796875 0.68046875 0.04140625 0.1109375
3 0.9234375 0.7234375 0.046875 0.11015625
3 0.9796875 0.84609375 0.040625 0.1109375
3 0.9578125 0.871875 0.03828125 0.109375