3 0.5 0.59765625 0.02578125 0.09609375
3 0.44453125 0.746875 0.02734375 0.1046875
3 0.31953125 0.975 0.0265625 0.05
1 0.53046875 0.63125 0.02421875 0.09921875
1 0.625 0.6453125 0.02421875 0.0875
1 0.6375 0.55078125 0.01875 0.09609375
1 0.75078125 0.5984375 0.0296875 0.0921875
3 0.665625 0.86171875 0.02265625 0.09296875
1 0.6484375 0.87734375 0.02265625 0.10546875
0 0.8015625 0.68671875 0.0234375 0.103125
3 0.734375 0.99140625 0.025 0.0171875
3 0.89609375 0.6140625 0.02109375 0.1
1 0.9890625 0.55625 0.02109375 0.09296875
1 0.9765625 0.8640625 0.02109375 0.0984375