3 0.025 0.75078125 0.03515625 0.15390625
3 0.0703125 0.75 0.0390625 0.15546875
3 0.09921875 0.61953125 0.0390625 0.14296875
3 0.1625 0.6265625 0.04140625 0.13515625
3 0.240625 0.6875 0.0203125 0.13203125
3 0.31015625 0.53125 0.0265625 0.14453125
3 0.2171875 0.79140625 0.0265625 0.12890625
3 0.23515625 0.98203125 0.0515625 0.0359375
3 0.2859375 0.95859375 0.028125 0.0828125
3 0.5578125 0.5703125 0.02890625 0.12109375
3 0.5515625 0.6921875 0.0359375 0.13984375
3 0.68828125 0.715625 0.0453125 0.15859375
3 0.74296875 0.6734375 0.03125 0.14453125
3 0.775 0.65078125 0.0328125 0.14921875
3 0.765625 0.80859375 0.0390625 0.15078125
2 0.07578125 0.496875 0.009375 0.01875