3 0.97578125 0.725 0.0484375 0.14765625
3 0.9703125 0.71171875 0.040625 0.15234375
3 0.9046875 0.671875 0.06640625 0.15703125
3 0.7703125 0.6734375 0.0296875 0.13125
3 0.70625 0.6421875 0.0296875 0.140625
3 0.5875 0.57109375 0.03984375 0.140625
3 0.68125 0.78984375 0.03515625 0.1421875
3 0.703125 0.825 0.04296875 0.1359375
3 0.4171875 0.5765625 0.04453125 0.14296875
3 0.33203125 0.6796875 0.04375 0.14453125
3 0.26875 0.73125 0.04140625 0.159375
3 0.3125 0.803125 0.0484375 0.11015625
3 0.39921875 0.7703125 0.040625 0.153125
3 0.371875 0.85 0.0359375 0.15234375
3 0.58125 0.9484375 0.0390625 0.09765625
3 0.6015625 0.9578125 0.03046875 0.0765625
2 0.946875 0.478125 0.01171875 0.01875