3 0.0546875 0.8609375 0.05625 0.16640625
3 0.0578125 0.846875 0.053125 0.16953125
3 0.121875 0.7921875 0.08125 0.17578125
3 0.26875 0.77109375 0.03984375 0.1453125
3 0.3328125 0.725 0.040625 0.15546875
3 0.45 0.628125 0.05234375 0.15703125
3 0.3859375 0.88203125 0.046875 0.1578125
3 0.3671875 0.92421875 0.0546875 0.1515625
3 0.6359375 0.6046875 0.0578125 0.159375
3 0.74609375 0.7015625 0.05625 0.16015625
3 0.8234375 0.746875 0.0546875 0.17734375
3 0.7890625 0.8328125 0.059375 0.1234375
3 0.6890625 0.8125 0.053125 0.1703125
3 0.7328125 0.89375 0.04765625 0.16875
2 0.0421875 0.5890625 0.0140625 0.02109375