3 0.5390625 0.98359375 0.034375 0.0328125
3 0.3640625 0.89375 0.0421875 0.17109375
3 0.34609375 0.8453125 0.04375 0.16875
3 0.3375 0.78125 0.046875 0.15703125
3 0.3875 0.8109375 0.065625 0.1703125
3 0.4171875 0.6953125 0.0453125 0.1203125
3 0.51015625 0.6390625 0.04765625 0.1546875
3 0.4984375 0.56640625 0.05078125 0.14140625
3 0.6109375 0.6921875 0.0546875 0.16484375
3 0.6625 0.83203125 0.0484375 0.15390625
3 0.6703125 0.9171875 0.05546875 0.1390625
3 0.721875 0.7 0.0515625 0.15546875
3 0.809375 0.678125 0.0546875 0.165625
3 0.890625 0.7359375 0.0484375 0.171875
3 0.965625 0.66875 0.0453125 0.13984375