3 0.6921875 0.90703125 0.0265625 0.16328125
3 0.70390625 0.8578125 0.028125 0.16171875
3 0.7046875 0.7953125 0.03203125 0.15
3 0.66015625 0.8296875 0.05 0.1609375
3 0.61875 0.72265625 0.034375 0.1140625
3 0.52265625 0.6796875 0.0328125 0.146875
3 0.5265625 0.609375 0.0375 0.13359375
3 0.4328125 0.7421875 0.0390625 0.15625
3 0.4 0.8828125 0.03359375 0.14609375
3 0.40234375 0.94921875 0.0421875 0.1015625
3 0.328125 0.76328125 0.03671875 0.146875
3 0.24140625 0.75234375 0.0390625 0.1578125
3 0.17109375 0.8171875 0.0328125 0.1640625
3 0.09140625 0.7609375 0.03203125 0.1328125
2 0.0078125 0.5640625 0.0109375 0.0203125