3 0.6640625 0.9671875 0.03671875 0.0390625
3 0.5421875 0.96171875 0.0390625 0.07578125
3 0.55390625 0.95234375 0.0375 0.09140625
3 0.396875 0.84296875 0.03671875 0.14765625
3 0.38203125 0.80078125 0.03828125 0.146875
3 0.37421875 0.74453125 0.040625 0.13671875
3 0.41796875 0.7703125 0.05703125 0.14765625
3 0.44375 0.6703125 0.0390625 0.1046875
3 0.525 0.621875 0.040625 0.134375
3 0.5140625 0.559375 0.04375 0.12265625
3 0.61171875 0.6671875 0.04765625 0.14296875
3 0.6578125 0.7890625 0.0421875 0.1328125
3 0.6625 0.8703125 0.0484375 0.1328125
3 0.709375 0.675 0.04453125 0.134375
3 0.784375 0.6546875 0.04765625 0.14375
3 0.8546875 0.70625 0.0421875 0.14921875
3 0.9203125 0.646875 0.0390625 0.12109375
2 0.9734375 0.46171875 0.01171875 0.01875