3 0.896875 0.80625 0.025 0.14921875
3 0.5828125 0.8328125 0.03671875 0.15859375
3 0.58671875 0.871875 0.0390625 0.16484375
3 0.590625 0.7 0.0390625 0.15
3 0.475 0.790625 0.03359375 0.17265625
3 0.4453125 0.7984375 0.04140625 0.16484375
3 0.396875 0.7265625 0.0390625 0.1625
3 0.353125 0.66015625 0.03046875 0.18203125
3 0.34609375 0.7484375 0.03046875 0.16484375
3 0.4125 0.9375 0.04921875 0.12421875
3 0.409375 0.99609375 0.03125 0.0078125
3 0.3546875 0.98671875 0.04609375 0.0265625
3 0.30625 0.959375 0.03203125 0.08125
3 0.26171875 0.86484375 0.03828125 0.1703125
3 0.23828125 0.8828125 0.0296875 0.171875
2 0.9859375 0.5828125 0.01171875 0.0203125