3 0.1578125 0.83984375 0.03203125 0.146875
3 0.46640625 0.83828125 0.04375 0.15625
3 0.465625 0.8765625 0.04609375 0.1625
3 0.446875 0.71015625 0.04609375 0.1484375
3 0.5671875 0.78828125 0.04140625 0.1703125
3 0.596875 0.79296875 0.04921875 0.1625
3 0.6375 0.71875 0.04609375 0.16015625
3 0.67421875 0.65078125 0.0390625 0.17890625
3 0.6890625 0.7359375 0.03828125 0.16171875
3 0.640625 0.928125 0.05546875 0.128125
3 0.6484375 0.98515625 0.03125 0.01328125
3 0.70078125 0.971875 0.046875 0.034375
3 0.74609375 0.94140625 0.03671875 0.08671875
3 0.78125 0.8421875 0.04609375 0.16796875
3 0.80625 0.8578125 0.0375 0.16875
2 0.0515625 0.62890625 0.0125 0.0203125