3 0.80234375 0.8125 0.0375 0.1484375
3 0.5390625 0.6484375 0.03515625 0.1515625
3 0.50625 0.7390625 0.04296875 0.15703125
3 0.3921875 0.709375 0.0375 0.15859375
3 0.3734375 0.7 0.0234375 0.15390625
3 0.33203125 0.6484375 0.02734375 0.16953125
3 0.33984375 0.809375 0.03359375 0.1671875
3 0.38125 0.815625 0.03828125 0.16015625
3 0.37578125 0.87109375 0.0328125 0.16875
3 0.36875 0.91484375 0.04609375 0.1703125
3 0.33828125 0.94453125 0.0484375 0.1109375
3 0.27421875 0.8703125 0.04453125 0.1703125
3 0.23046875 0.8953125 0.0359375 0.165625
3 0.2578125 0.9390625 0.04140625 0.121875
3 0.1953125 0.99765625 0.04765625 0.0046875
2 0.9609375 0.57265625 0.01171875 0.021875