3 0.81875 0.82109375 0.03828125 0.1515625
3 0.5515625 0.653125 0.0359375 0.15390625
3 0.51875 0.7453125 0.04375 0.16015625
3 0.4015625 0.715625 0.03828125 0.1609375
3 0.3828125 0.70546875 0.0234375 0.15625
3 0.340625 0.65390625 0.028125 0.17265625
3 0.34921875 0.8171875 0.034375 0.16953125
3 0.390625 0.8234375 0.0390625 0.1625
3 0.3859375 0.8796875 0.03359375 0.171875
3 0.378125 0.91796875 0.046875 0.1640625
3 0.34609375 0.94921875 0.0484375 0.1015625
3 0.2828125 0.8796875 0.04453125 0.17265625
3 0.2375 0.9046875 0.0359375 0.16875
3 0.265625 0.94375 0.0421875 0.1125
2 0.9796875 0.5765625 0.0125 0.02265625