3 0.7625 0.8421875 0.04609375 0.1515625
3 0.51875 0.6453125 0.04375 0.15390625
3 0.475 0.73125 0.0515625 0.16015625
3 0.36328125 0.6875 0.04609375 0.16171875
3 0.3453125 0.675 0.03203125 0.15625
3 0.31015625 0.6203125 0.0359375 0.171875
3 0.2984375 0.78125 0.04296875 0.16953125
3 0.3390625 0.79296875 0.046875 0.1625
3 0.3265625 0.8484375 0.0421875 0.17109375
3 0.3140625 0.8921875 0.05546875 0.1765625
3 0.28046875 0.92265625 0.0546875 0.12265625
3 0.225 0.83515625 0.053125 0.1734375
3 0.178125 0.8546875 0.04453125 0.16875
3 0.19921875 0.90859375 0.04921875 0.13671875
3 0.1296875 0.9609375 0.0484375 0.021875
2 0.9515625 0.6203125 0.01328125 0.02265625