1 0.290625 0.828125 0.03046875 0.13984375
3 0.684375 0.8890625 0.03359375 0.16484375
3 0.7015625 0.8578125 0.0296875 0.15390625
1 0.69921875 0.8296875 0.028125 0.1421875
1 0.7140625 0.81484375 0.0265625 0.16953125
1 0.7875 0.88671875 0.03359375 0.165625
3 0.81171875 0.915625 0.03828125 0.165625
3 0.8296875 0.88828125 0.02890625 0.15703125
1 0.8390625 0.85625 0.03125 0.15703125
3 0.940625 0.96796875 0.034375 0.0640625
1 0.4515625 0.6515625 0.025 0.1421875
1 0.5328125 0.6828125 0.03203125 0.1375
3 0.6171875 0.675 0.028125 0.153125
1 0.6140625 0.665625 0.03359375 0.1546875
4 0.66328125 0.6265625 0.03046875 0.15078125
2 0.04375 0.584375 0.0125 0.02421875