3 0.9078125 0.9125 0.03671875 0.14765625
3 0.2640625 0.9453125 0.0328125 0.10859375
3 0.24765625 0.9234375 0.034375 0.153125
3 0.28515625 0.9078125 0.0359375 0.15625
3 0.3046875 0.9234375 0.03671875 0.15234375
3 0.32578125 0.92890625 0.0421875 0.1421875
3 0.384375 0.91640625 0.03984375 0.1671875
3 0.378125 0.91171875 0.04296875 0.1765625
3 0.39375 0.8828125 0.03828125 0.165625
3 0.440625 0.74375 0.03984375 0.15703125
3 0.4484375 0.7390625 0.04375 0.1484375
3 0.390625 0.6890625 0.034375 0.16953125
3 0.65390625 0.71640625 0.02734375 0.1515625
3 0.55 0.76953125 0.0390625 0.159375