3 0.05 0.92421875 0.03359375 0.1515625
3 0.728125 0.93203125 0.0328125 0.12890625
3 0.74375 0.9078125 0.03359375 0.1765625
3 0.703125 0.884375 0.03515625 0.1640625
3 0.6828125 0.91015625 0.03515625 0.1734375
3 0.66015625 0.9171875 0.0421875 0.1609375
3 0.5984375 0.90546875 0.0390625 0.18671875
3 0.60625 0.89375 0.0421875 0.18515625
3 0.5875 0.86484375 0.0375 0.1734375
3 0.53125 0.721875 0.0390625 0.16484375
3 0.521875 0.71640625 0.04296875 0.15546875
3 0.5796875 0.6609375 0.0328125 0.178125
3 0.3046875 0.7046875 0.0265625 0.15859375
3 0.4171875 0.7546875 0.03828125 0.1671875