3 0.084375 0.8109375 0.04140625 0.13984375
3 0.72578125 0.9765625 0.0421875 0.04609375
3 0.6703125 0.9125 0.04375 0.16484375
3 0.6890625 0.871875 0.04296875 0.159375
3 0.65625 0.8421875 0.04296875 0.14453125
3 0.6359375 0.8640625 0.0453125 0.15390625
3 0.61484375 0.875 0.05078125 0.15546875
3 0.5625 0.853125 0.0484375 0.16875
3 0.5703125 0.840625 0.05078125 0.16328125
3 0.5578125 0.8125 0.0453125 0.15234375
3 0.5234375 0.6828125 0.04609375 0.14609375
3 0.515625 0.678125 0.04921875 0.1375
3 0.57265625 0.6359375 0.04296875 0.15625
3 0.32890625 0.64375 0.03515625 0.1390625
3 0.421875 0.7 0.04609375 0.14765625