3 0.9953125 0.7390625 0.009375 0.14921875
3 0.90390625 0.915625 0.03984375 0.11484375
3 0.86875 0.915625 0.04609375 0.121875
3 0.278125 0.94921875 0.0515625 0.1015625
3 0.865625 0.76875 0.04921875 0.14921875
3 0.78125 0.7765625 0.04140625 0.16484375
3 0.753125 0.77109375 0.04296875 0.15625
3 0.68125 0.7203125 0.0421875 0.146875
3 0.63125 0.7953125 0.06875 0.15234375
3 0.55625 0.665625 0.05078125 0.13359375
3 0.57734375 0.825 0.059375 0.15078125
3 0.571875 0.8046875 0.05390625 0.15234375
3 0.48671875 0.75859375 0.04375 0.153125
3 0.4640625 0.75390625 0.0484375 0.16796875
3 0.4765625 0.85 0.05078125 0.146875
3 0.425 0.8515625 0.040625 0.175