3 0.0578125 0.840625 0.04453125 0.15625
3 0.090625 0.83125 0.046875 0.14296875
3 0.61484375 0.8984375 0.05546875 0.16328125
3 0.0984375 0.6828125 0.0484375 0.13359375
3 0.1734375 0.69296875 0.0421875 0.14765625
3 0.19921875 0.6890625 0.04296875 0.13984375
3 0.2640625 0.6453125 0.0421875 0.13125
3 0.3078125 0.7140625 0.065625 0.1375
3 0.378125 0.6015625 0.04921875 0.11953125
3 0.3546875 0.7421875 0.05703125 0.13515625
3 0.359375 0.725 0.053125 0.13671875
3 0.4375 0.6859375 0.04375 0.1375
3 0.4578125 0.6828125 0.0484375 0.15
3 0.44375 0.76796875 0.04921875 0.13125
3 0.4890625 0.7703125 0.04140625 0.15625