3 0.01953125 0.96796875 0.0390625 0.0640625
3 0.18359375 0.93984375 0.0296875 0.1203125
3 0.19140625 0.8953125 0.025 0.13515625
3 0.3125 0.84609375 0.03359375 0.13515625
3 0.2921875 0.8234375 0.0296875 0.15
3 0.384375 0.84921875 0.03515625 0.14375
3 0.434375 0.81875 0.03359375 0.14296875
3 0.496875 0.69921875 0.0328125 0.13828125
3 0.52265625 0.859375 0.0296875 0.146875
3 0.54609375 0.80078125 0.03203125 0.13046875
3 0.6625 0.7484375 0.03359375 0.13828125
3 0.67265625 0.8546875 0.03203125 0.13828125
3 0.60546875 0.884375 0.03359375 0.11328125
3 0.61171875 0.93984375 0.0296875 0.1203125
3 0.69765625 0.95078125 0.0265625 0.0984375