3 0.32421875 0.51171875 0.021875 0.0953125
2 0.32109375 0.5 0.009375 0.0171875
3 0.40625 0.67890625 0.0265625 0.1046875
3 0.07109375 0.99140625 0.0203125 0.0171875
3 0.490625 0.8875 0.02578125 0.10703125
3 0.64921875 0.69375 0.0296875 0.10859375
3 0.6953125 0.7578125 0.03203125 0.1
3 0.70859375 0.5 0.01796875 0.096875
3 0.84921875 0.44140625 0.0296875 0.09765625
3 0.83125 0.7484375 0.02890625 0.11953125
3 0.81953125 0.9234375 0.021875 0.10859375
3 0.80625 0.9484375 0.021875 0.103125
3 0.9046875 0.5890625 0.0234375 0.10078125
3 0.921875 0.6078125 0.0203125 0.08515625
3 0.940625 0.79140625 0.01796875 0.10234375
2 0.296875 0.4859375 0.01015625 0.01640625