2 0.6953125 0.496875 0.0125 0.021875
3 0.7046875 0.5109375 0.03359375 0.109375
3 0.659375 0.70625 0.034375 0.1109375
3 0.5796875 0.865625 0.04296875 0.1140625
3 0.475 0.74609375 0.03671875 0.11953125
3 0.47109375 0.7828125 0.0375 0.109375
3 0.328125 0.509375 0.03125 0.10625
3 0.2578125 0.4640625 0.034375 0.11015625
3 0.26015625 0.6140625 0.02421875 0.09296875
3 0.26171875 0.6453125 0.0390625 0.1
3 0.2125 0.7859375 0.03046875 0.096875
3 0.225 0.85703125 0.04453125 0.11328125
3 0.321875 0.9453125 0.0359375 0.109375
3 0.3453125 0.96328125 0.03671875 0.0734375
3 0.02109375 0.615625 0.03359375 0.0890625
2 0.7234375 0.45859375 0.01328125 0.01875