1 0.3125 0.534375 0.02578125 0.103125
2 0.34375 0.4609375 0.01171875 0.02109375
0 0.053125 0.98515625 0.0171875 0.028125
3 0.34609375 0.66484375 0.02578125 0.1
1 0.39609375 0.76953125 0.0296875 0.0984375
3 0.36875 0.8421875 0.02578125 0.109375
3 0.4375 0.7390625 0.028125 0.11171875
1 0.5703125 0.6140625 0.028125 0.1
1 0.56015625 0.553125 0.0265625 0.08125
3 0.5765625 0.509375 0.0265625 0.090625
3 0.596875 0.6125 0.0265625 0.08203125
1 0.60625 0.4453125 0.021875 0.096875
3 0.81953125 0.56171875 0.01953125 0.09921875
3 0.69375 0.7984375 0.0234375 0.10390625
1 0.621875 0.878125 0.01875 0.1046875
3 0.5859375 0.903125 0.02734375 0.1109375
0 0.8359375 0.7515625 0.01875 0.10703125
1 0.94921875 0.46640625 0.0171875 0.0921875