3 0.41640625 0.60234375 0.028125 0.11796875
3 0.03359375 0.0234375 0.028125 0.04609375
3 0.2703125 0.753125 0.04140625 0.13515625
3 0.7859375 0.6703125 0.028125 0.11875
3 0.5921875 0.26796875 0.025 0.10078125
3 0.30625 0.421875 0.02578125 0.09375
3 0.909375 0.2015625 0.028125 0.1046875
3 0.2953125 0.490625 0.0296875 0.10859375
3 0.4375 0.8078125 0.034375 0.13046875
3 0.8484375 0.428125 0.02578125 0.10546875
3 0.1671875 0.2171875 0.02734375 0.109375
3 0.803125 0.478125 0.0296875 0.12265625
3 0.428125 0.746875 0.0328125 0.1140625
2 0.8328125 0.46953125 0.01015625 0.02109375
2 0.96796875 0.0140625 0.009375 0.0125