3 0.675 0.59140625 0.02890625 0.11484375
3 0.81015625 0.74453125 0.0421875 0.13125
3 0.31328125 0.6390625 0.0296875 0.11484375
3 0.52109375 0.25859375 0.02578125 0.09765625
3 0.79140625 0.421875 0.0265625 0.09140625
3 0.21640625 0.178125 0.02890625 0.1015625
3 0.7984375 0.48984375 0.03046875 0.10625
3 0.6453125 0.7890625 0.0359375 0.12734375
3 0.2640625 0.40078125 0.02734375 0.10234375
3 0.9375 0.23125 0.02890625 0.10625
3 0.30546875 0.4515625 0.03046875 0.11953125
3 0.65625 0.73046875 0.03359375 0.1109375
2 0.278125 0.44140625 0.01015625 0.0203125