3 0.234375 0.69453125 0.03125 0.1125
3 0.528125 0.7875 0.04375 0.1203125
3 0.315625 0.74140625 0.034375 0.11484375
3 0.57578125 0.590625 0.0359375 0.103125
3 0.52265625 0.4609375 0.02578125 0.09296875
3 0.5953125 0.73828125 0.034375 0.1109375
3 0.3078125 0.47421875 0.03046875 0.1046875
3 0.6421875 0.478125 0.03203125 0.09296875
3 0.159375 0.55703125 0.0328125 0.11484375
3 0.76796875 0.2734375 0.03125 0.09453125
3 0.44609375 0.3703125 0.03515625 0.103125
3 0.884375 0.03984375 0.02734375 0.0796875
2 0.5953125 0.38359375 0.01328125 0.025