3 0.1984375 0.7109375 0.02578125 0.1109375
3 0.4859375 0.81875 0.0375 0.11875
3 0.2765625 0.7609375 0.028125 0.1140625
3 0.54375 0.6234375 0.03046875 0.1015625
3 0.4984375 0.4921875 0.02109375 0.0921875
3 0.55625 0.7734375 0.028125 0.109375
3 0.2828125 0.49375 0.025 0.103125
3 0.6171875 0.515625 0.02734375 0.0921875
3 0.13125 0.56875 0.0265625 0.1140625
3 0.753125 0.3171875 0.0265625 0.09296875
3 0.975 0.81953125 0.03125 0.12109375
3 0.4265625 0.396875 0.0296875 0.1015625
3 0.88203125 0.084375 0.021875 0.090625
3 0.99375 0.615625 0.01171875 0.11875
3 0.98671875 0.63828125 0.0265625 0.1046875
2 0.575 0.41875 0.01171875 0.025