3 0.1796875 0.7109375 0.03203125 0.11484375
3 0.4796875 0.80625 0.04453125 0.1234375
3 0.2625 0.759375 0.03515625 0.11796875
3 0.528125 0.6046875 0.03671875 0.10546875
3 0.47421875 0.471875 0.0265625 0.09453125
3 0.5484375 0.75625 0.03515625 0.1140625
3 0.2546875 0.48515625 0.03125 0.10703125
3 0.596875 0.4890625 0.0328125 0.0953125
3 0.103125 0.5703125 0.0328125 0.11796875
3 0.725 0.2796875 0.03203125 0.09609375
3 0.9796875 0.78125 0.0390625 0.12578125
3 0.3953125 0.378125 0.0359375 0.10546875
3 0.8453125 0.040625 0.02734375 0.08046875
3 0.9890625 0.571875 0.02109375 0.12265625
3 0.98203125 0.59609375 0.0359375 0.1078125
2 0.54921875 0.3921875 0.01328125 0.02578125