3 0.821875 0.53203125 0.03046875 0.09296875
3 0.14765625 0.71875 0.0265625 0.11015625
3 0.69140625 0.771875 0.0375 0.10703125
3 0.2640625 0.6234375 0.03359375 0.10859375
3 0.62109375 0.8109375 0.03125 0.11484375
3 0.63125 0.4734375 0.028125 0.08828125
3 0.73125 0.64453125 0.02890625 0.10078125
3 0.5078125 0.39375 0.0234375 0.103125
3 0.840625 0.384375 0.03046875 0.090625
3 0.928125 0.0859375 0.0234375 0.08671875
3 0.96328125 0.60859375 0.02890625 0.09765625
3 0.5046875 0.5015625 0.025 0.1
3 0.2875 0.76953125 0.0296875 0.10859375
2 0.8203125 0.4125 0.0109375 0.02265625