3 0.87734375 0.565625 0.0328125 0.1015625
3 0.1484375 0.796875 0.0296875 0.1203125
3 0.74453125 0.8328125 0.04140625 0.1171875
3 0.271875 0.68671875 0.0375 0.11953125
3 0.66875 0.87890625 0.03359375 0.12578125
3 0.6671875 0.509375 0.03125 0.096875
3 0.78359375 0.6921875 0.03203125 0.1109375
3 0.5296875 0.4265625 0.02578125 0.1140625
3 0.89375 0.40234375 0.03359375 0.09921875
3 0.9765625 0.071875 0.02578125 0.09609375
3 0.53125 0.54375 0.02734375 0.11015625
3 0.303125 0.846875 0.0328125 0.11875
2 0.871875 0.434375 0.01171875 0.025