3 0.24453125 0.75 0.0265625 0.1
3 0.7765625 0.82578125 0.021875 0.103125
3 0.071875 0.6609375 0.028125 0.10390625
3 0.7609375 0.746875 0.0265625 0.09140625
3 0.0453125 0.3375 0.025 0.08515625
3 0.8859375 0.540625 0.0265625 0.08359375
3 0.63203125 0.51875 0.02421875 0.08828125
3 0.846875 0.684375 0.03671875 0.09765625
3 0.5921875 0.5375 0.02421875 0.09921875
3 0.97421875 0.815625 0.02890625 0.09921875
3 0.5203125 0.42265625 0.02265625 0.09921875
3 0.9234375 0.0734375 0.01640625 0.0734375
3 0.9734375 0.7046875 0.028125 0.10234375
3 0.72890625 0.54765625 0.02578125 0.08359375
3 0.996875 0.428125 0.00625 0.08671875