3 0.21171875 0.74375 0.02578125 0.1046875
3 0.771875 0.8140625 0.02109375 0.1078125
3 0.028125 0.6546875 0.028125 0.10859375
3 0.753125 0.73125 0.0265625 0.0953125
3 0.0046875 0.31171875 0.0078125 0.08828125
3 0.88046875 0.5125 0.0265625 0.0875
3 0.6140625 0.49296875 0.02421875 0.09296875
3 0.8421875 0.6640625 0.0375 0.10234375
3 0.57265625 0.5140625 0.0234375 0.10390625
3 0.978125 0.80078125 0.028125 0.10390625
3 0.4953125 0.39453125 0.021875 0.10390625
3 0.91328125 0.028125 0.01484375 0.05625
3 0.9765625 0.68359375 0.028125 0.10703125
3 0.715625 0.52265625 0.025 0.0875
3 0.996875 0.3921875 0.00625 0.090625