3 0.275 0.7953125 0.040625 0.1015625
3 0.778125 0.7953125 0.0328125 0.1140625
3 0.4515625 0.4046875 0.028125 0.0921875
3 0.2109375 0.7375 0.0265625 0.1015625
3 0.0578125 0.3953125 0.021875 0.0890625
3 0.9515625 0.684375 0.028125 0.1046875
3 0.0453125 0.7734375 0.0203125 0.0984375
3 0.2171875 0.5125 0.028125 0.0859375
3 0.00390625 0.78515625 0.0078125 0.0984375
3 0.41953125 0.584375 0.021875 0.1015625
3 0.3921875 0.6625 0.03125 0.1015625
3 0.109375 0.5015625 0.025 0.0859375
3 0.08515625 0.6 0.0203125 0.078125
3 0.02421875 0.57578125 0.01796875 0.08046875
3 0.07734375 0.03125 0.021875 0.06171875
2 0.44375 0.50625 0.015625 0.0203125