3 0.2890625 0.8046875 0.0453125 0.10390625
3 0.79140625 0.778125 0.03828125 0.11484375
3 0.44453125 0.4046875 0.0328125 0.09375
3 0.221875 0.75 0.03125 0.103125
3 0.0515625 0.415625 0.0265625 0.08984375
3 0.959375 0.6578125 0.0328125 0.10625
3 0.05859375 0.79375 0.025 0.09921875
3 0.215625 0.525 0.03203125 0.0875
3 0.01875 0.8078125 0.01171875 0.0984375
3 0.421875 0.5859375 0.02734375 0.10234375
3 0.39921875 0.66484375 0.03671875 0.103125
3 0.1078125 0.51953125 0.0296875 0.08671875
3 0.0890625 0.61875 0.025 0.07890625
3 0.0265625 0.59765625 0.021875 0.08125
3 0.0515625 0.05234375 0.025 0.06015625
2 0.4421875 0.50625 0.01640625 0.02109375