3 0.4828125 0.76484375 0.03203125 0.1203125
3 0.09296875 0.296875 0.025 0.09765625
3 0.7671875 0.5453125 0.0390625 0.09609375
3 0.9765625 0.715625 0.028125 0.12109375
3 0.5609375 0.58359375 0.03125 0.10625
3 0.69453125 0.52109375 0.0375 0.096875
3 0.328125 0.75078125 0.034375 0.115625
3 0.5390625 0.3765625 0.02734375 0.09921875
3 0.9125 0.9125 0.03671875 0.11328125
3 0.96953125 0.36796875 0.0265625 0.0984375
3 0.4234375 0.5375 0.0421875 0.09140625
3 0.859375 0.8671875 0.03203125 0.0921875
3 0.8640625 0.7640625 0.0390625 0.11484375
3 0.79609375 0.7125 0.02890625 0.09609375
3 0.7890625 0.753125 0.0265625 0.11015625
3 0.43984375 0.5015625 0.034375 0.0875
2 0.4984375 0.540625 0.01484375 0.015625