3 0.490625 0.7703125 0.03125 0.11171875
3 0.0953125 0.3734375 0.025 0.090625
3 0.734375 0.546875 0.0375 0.0890625
3 0.940625 0.6859375 0.02734375 0.11171875
3 0.546875 0.5984375 0.0296875 0.09765625
3 0.665625 0.53046875 0.0359375 0.0890625
3 0.3484375 0.7703125 0.03359375 0.10703125
3 0.5109375 0.41015625 0.02734375 0.09140625
3 0.896875 0.871875 0.0359375 0.1046875
3 0.90625 0.3671875 0.02578125 0.090625
3 0.41875 0.5671875 0.040625 0.084375
3 0.9 0.015625 0.01875 0.03046875
3 0.8453125 0.83359375 0.03125 0.08515625
3 0.840625 0.7390625 0.0375 0.10546875
3 0.775 0.6984375 0.028125 0.08828125
3 0.77109375 0.7359375 0.0265625 0.1015625
3 0.4296875 0.5328125 0.0328125 0.08046875
2 0.4875 0.5640625 0.0140625 0.01484375