3 0.56953125 0.81796875 0.02734375 0.10703125
3 0.64375 0.51796875 0.03359375 0.08125
3 0.03515625 0.4109375 0.01953125 0.09375
3 0.2609375 0.571875 0.0296875 0.07734375
3 0.034375 0.7390625 0.021875 0.0640625
3 0.4578125 0.565625 0.0328125 0.09140625
3 0.840625 0.371875 0.02265625 0.08359375
3 0.22109375 0.7359375 0.02265625 0.0984375
3 0.8296875 0.64453125 0.03671875 0.08984375
3 0.36484375 0.753125 0.0265625 0.0921875
3 0.48671875 0.43671875 0.02265625 0.090625
3 0.4578125 0.809375 0.028125 0.10703125
3 0.6125 0.6796875 0.04453125 0.090625
3 0.3171875 0.8125 0.025 0.08828125
3 0.5015625 0.82421875 0.0375 0.09453125
3 0.290625 0.6375 0.0359375 0.08671875
3 0.04609375 0.04921875 0.01875 0.0734375
2 0.80625 0.67265625 0.01015625 0.0203125
2 0.92578125 0.296875 0.00859375 0.0171875