3 0.5671875 0.5984375 0.04453125 0.09765625
3 0.23671875 0.80859375 0.034375 0.128125
3 0.503125 0.803125 0.0375 0.11640625
3 0.4171875 0.34375 0.025 0.1015625
3 0.1859375 0.6953125 0.03125 0.11953125
3 0.78125 0.2984375 0.028125 0.09375
3 0.428125 0.5359375 0.03515625 0.1203125
3 0.28984375 0.565625 0.0296875 0.103125
3 0.41328125 0.625 0.03359375 0.1125
3 0.846875 0.703125 0.03828125 0.115625
3 0.628125 0.5953125 0.03203125 0.10703125
3 0.72578125 0.4640625 0.03828125 0.090625
3 0.434375 0.7671875 0.03359375 0.11328125
3 0.80234375 0.70703125 0.0328125 0.11875
2 0.71015625 0.55078125 0.0125 0.025
2 0.8703125 0.2046875 0.009375 0.015625