3 0.290625 0.5171875 0.03359375 0.08671875
3 0.1859375 0.628125 0.03359375 0.11015625
3 0.1796875 0.7734375 0.04296875 0.10703125
3 0.47578125 0.5125 0.03125 0.0921875
3 0.70859375 0.68125 0.03984375 0.11484375
3 0.3265625 0.4109375 0.0296875 0.10703125
3 0.76171875 0.465625 0.0296875 0.09921875
3 0.32890625 0.284375 0.0328125 0.0921875
3 0.771875 0.659375 0.0328125 0.1140625
3 0.553125 0.3671875 0.0265625 0.08515625
3 0.3671875 0.765625 0.0390625 0.1140625
3 0.3921875 0.5375 0.028125 0.0984375
3 0.6875 0.19765625 0.02109375 0.0984375
3 0.34375 0.7484375 0.02890625 0.1078125
3 0.771875 0.125 0.009375 0.01328125