3 0.70625 0.5046875 0.03828125 0.08984375
3 0.80625 0.6234375 0.03984375 0.1125
3 0.8046875 0.7703125 0.04921875 0.11015625
3 0.51875 0.4890625 0.0359375 0.09453125
3 0.27265625 0.6484375 0.04609375 0.11796875
3 0.675 0.39375 0.0359375 0.11015625
3 0.2296875 0.4265625 0.0359375 0.1015625
3 0.6796875 0.265625 0.0375 0.0953125
3 0.21015625 0.62265625 0.0390625 0.1171875
3 0.44765625 0.33828125 0.03125 0.0875
3 0.615625 0.7515625 0.04609375 0.1171875
3 0.6015625 0.51875 0.03359375 0.10078125
3 0.31953125 0.1578125 0.0265625 0.1
3 0.640625 0.7359375 0.034375 0.11015625
3 0.2375 0.08046875 0.01015625 0.0140625