3 0.31953125 0.51875 0.03359375 0.084375
3 0.2203125 0.628125 0.034375 0.10625
3 0.21640625 0.76796875 0.04375 0.10390625
3 0.4984375 0.5109375 0.03125 0.0890625
3 0.72734375 0.66875 0.03984375 0.1109375
3 0.353125 0.415625 0.03046875 0.10390625
3 0.775 0.4609375 0.03046875 0.09609375
3 0.353125 0.29375 0.0328125 0.08984375
3 0.7875 0.64765625 0.03359375 0.11015625
3 0.57109375 0.36953125 0.02734375 0.08203125
3 0.396875 0.75625 0.03984375 0.11015625
3 0.41875 0.53671875 0.02890625 0.0953125
3 0.0140625 0.303125 0.02734375 0.0890625
3 0.6984375 0.203125 0.021875 0.0953125
3 0.375 0.740625 0.0296875 0.1046875
3 0.7796875 0.1328125 0.009375 0.01328125