3 0.940625 0.815625 0.03046875 0.1203125
3 0.8671875 0.55625 0.0359375 0.0921875
3 0.72265625 0.45625 0.0296875 0.09140625
3 0.2578125 0.8484375 0.0328125 0.1203125
3 0.078125 0.6359375 0.02421875 0.11484375
3 0.6546875 0.8703125 0.0265625 0.11171875
3 0.153125 0.796875 0.034375 0.13515625
3 0.8046875 0.72421875 0.03515625 0.10546875
3 0.59921875 0.3765625 0.02265625 0.0953125
3 0.59453125 0.7265625 0.03125 0.10546875
3 0.5859375 0.8546875 0.025 0.1125
3 0.48359375 0.59140625 0.0265625 0.096875
3 0.090625 0.3421875 0.02734375 0.096875
3 0.6171875 0.6875 0.025 0.109375
3 0.96328125 0.01484375 0.0234375 0.0296875