3 0.97109375 0.80625 0.02578125 0.12734375
3 0.9234375 0.52734375 0.04296875 0.0984375
3 0.7796875 0.409375 0.0359375 0.09765625
3 0.253125 0.778125 0.04140625 0.12890625
3 0.08359375 0.5390625 0.03203125 0.12265625
3 0.6703125 0.8390625 0.034375 0.11875
3 0.1484375 0.715625 0.04375 0.14453125
3 0.8421875 0.6984375 0.04296875 0.1125
3 0.65703125 0.3140625 0.02890625 0.1015625
3 0.6203125 0.6828125 0.0390625 0.1125
3 0.5984375 0.815625 0.03203125 0.11953125
3 0.515625 0.5296875 0.0328125 0.103125
3 0.1234375 0.23125 0.03359375 0.103125
3 0.646875 0.6421875 0.0328125 0.115625
2 0.02734375 0.140625 0.0078125 0.01640625