3 0.11875 0.9390625 0.03359375 0.0859375
3 0.60625 0.978125 0.03359375 0.04375
3 0.21875 0.94375 0.03046875 0.0859375
3 0.75859375 0.9640625 0.0390625 0.07109375
3 0.29765625 0.484375 0.0265625 0.090625
3 0.79375 0.82890625 0.03359375 0.10390625
3 0.05625 0.86328125 0.0296875 0.10703125
3 0.03828125 0.809375 0.03671875 0.10234375
3 0.45078125 0.959375 0.03203125 0.0796875
3 0.98828125 0.45859375 0.0234375 0.0984375
3 0.1828125 0.68125 0.03203125 0.1
3 0.025 0.14375 0.01875 0.084375
3 0.1703125 0.675 0.02109375 0.08203125