3 0.0046875 0.8984375 0.00859375 0.10546875
3 0.3484375 0.61875 0.03203125 0.09296875
3 0.58046875 0.54765625 0.02421875 0.1
3 0.85 0.94453125 0.03125 0.103125
3 0.66875 0.8625 0.03359375 0.10234375
3 0.5125 0.584375 0.025 0.09453125
3 0.21484375 0.48203125 0.02421875 0.08125
3 0.17734375 0.3640625 0.02421875 0.0796875
3 0.403125 0.62421875 0.02578125 0.0953125
3 0.97578125 0.96953125 0.0171875 0.0609375
3 0.41328125 0.921875 0.03203125 0.109375
2 0.22734375 0.425 0.01015625 0.01640625
3 0.91640625 0.6015625 0.0234375 0.0875