3 0.5984375 0.978125 0.03515625 0.03203125
3 0.73671875 0.921875 0.04375 0.1140625
3 0.24375 0.80859375 0.0359375 0.103125
3 0.996875 0.6 0.00546875 0.08359375
3 0.9515625 0.7890625 0.04140625 0.1078125
3 0.7125 0.4828125 0.04375 0.08984375
3 0.3609375 0.97109375 0.034375 0.0578125
3 0.95625 0.71796875 0.04375 0.08671875
3 0.140625 0.43828125 0.0296875 0.075
3 0.778125 0.5140625 0.046875 0.07265625
2 0.728125 0.5140625 0.01484375 0.021875
3 0.353125 0.9171875 0.03828125 0.08984375
2 0.08359375 0.24375 0.0140625 0.02265625