3 0.12890625 0.6515625 0.0296875 0.0828125
3 0.0578125 0.9890625 0.0296875 0.02109375
3 0.48515625 0.96171875 0.046875 0.0765625
3 0.3140625 0.834375 0.0359375 0.08515625
3 0.20703125 0.809375 0.028125 0.08828125
3 0.421875 0.54921875 0.028125 0.09140625
3 0.61328125 0.95625 0.02578125 0.07578125
3 0.225 0.6625 0.02890625 0.0765625
3 0.7078125 0.39921875 0.02734375 0.0796875
3 0.625 0.66015625 0.028125 0.09375
3 0.54140625 0.85 0.03203125 0.0875
3 0.4953125 0.846875 0.03515625 0.078125
3 0.4671875 0.553125 0.03515625 0.1
2 0.471875 0.89375 0.0125 0.02109375
2 0.88359375 0.47734375 0.01328125 0.01171875