1 0.009375 0.65078125 0.0140625 0.0890625
3 0.0296875 0.659375 0.02109375 0.08828125
1 0.1375 0.7953125 0.03203125 0.07890625
1 0.271875 0.684375 0.01953125 0.0921875
3 0.3015625 0.62109375 0.025 0.09296875
1 0.1984375 0.9140625 0.025 0.08671875
3 0.26484375 0.95703125 0.0234375 0.0859375
3 0.3796875 0.7875 0.02578125 0.10390625
1 0.60390625 0.771875 0.03046875 0.10078125
0 0.84375 0.6171875 0.02578125 0.08828125
3 0.89296875 0.859375 0.02421875 0.09765625
2 0.8265625 0.31171875 0.00859375 0.01640625
2 0.9921875 0.63671875 0.009375 0.0171875