3 0.0828125 0.290625 0.0296875 0.1046875
3 0.26875 0.26875 0.0328125 0.09921875
3 0.290625 0.275 0.03515625 0.1015625
3 0.234375 0.5671875 0.03671875 0.090625
3 0.86328125 0.2234375 0.02890625 0.09296875
3 0.796875 0.634375 0.0359375 0.10703125
3 0.8515625 0.66875 0.0375 0.103125
2 0.84140625 0.72734375 0.015625 0.0203125
3 0.59921875 0.99765625 0.0328125 0.0046875
3 0.5703125 0.92265625 0.0375 0.12109375
3 0.55 0.8609375 0.03515625 0.13671875
3 0.409375 0.9421875 0.03359375 0.11328125
3 0.43046875 0.9875 0.03984375 0.0234375
2 0.9578125 0.1140625 0.009375 0.01796875