3 0.0765625 0.2984375 0.028125 0.103125
3 0.259375 0.2734375 0.03125 0.0984375
3 0.2828125 0.2796875 0.0328125 0.10078125
3 0.23125 0.57109375 0.03515625 0.0890625
3 0.85 0.21875 0.0265625 0.0921875
3 0.79140625 0.6296875 0.03359375 0.10625
3 0.846875 0.66171875 0.0359375 0.1015625
2 0.8375 0.7203125 0.015625 0.0203125
3 0.60234375 0.9953125 0.03125 0.0078125
3 0.5703125 0.91875 0.03515625 0.1203125
3 0.55 0.8578125 0.03203125 0.13515625
3 0.4125 0.9421875 0.03125 0.1140625
3 0.4328125 0.9875 0.0390625 0.025
2 0.9421875 0.10859375 0.009375 0.01796875