3 0.790625 0.928125 0.02578125 0.11640625
3 0.84375 0.51875 0.01953125 0.0828125
3 0.7328125 0.85 0.03125 0.10703125
3 0.6140625 0.99453125 0.03125 0.0109375
3 0.475 0.9015625 0.02734375 0.1109375
3 0.3734375 0.81875 0.01953125 0.08828125
3 0.375 0.553125 0.02578125 0.096875
3 0.328125 0.55859375 0.02578125 0.0890625
3 0.15234375 0.55390625 0.02265625 0.09609375
3 0.29140625 0.959375 0.0234375 0.08046875
3 0.109375 0.825 0.0203125 0.09453125
3 0.00703125 0.66796875 0.0140625 0.10859375
2 0.9125 0.43828125 0.0109375 0.0171875