3 0.1203125 0.7671875 0.03828125 0.12421875
3 0.61640625 0.890625 0.0328125 0.1296875
3 0.43125 0.7328125 0.03359375 0.11171875
3 0.7078125 0.6609375 0.02421875 0.103125
3 0.7421875 0.765625 0.03203125 0.1171875
3 0.7421875 0.49453125 0.03125 0.0953125
3 0.790625 0.59921875 0.03203125 0.1078125
3 0.85625 0.4703125 0.0328125 0.078125
3 0.2265625 0.621875 0.02890625 0.11171875
3 0.21484375 0.94140625 0.0359375 0.1171875
3 0.2828125 0.628125 0.03515625 0.1125
3 0.31015625 0.5765625 0.0328125 0.109375
2 0.19453125 0.8953125 0.0140625 0.02734375
2 0.2 0.275 0.01015625 0.01640625