3 0.12890625 0.7515625 0.03203125 0.11484375
3 0.584375 0.8984375 0.0265625 0.1203125
3 0.421875 0.73984375 0.02734375 0.10390625
3 0.68515625 0.690625 0.01953125 0.09609375
3 0.71015625 0.790625 0.02578125 0.10859375
3 0.728125 0.53828125 0.0265625 0.08828125
3 0.76640625 0.6390625 0.0265625 0.1
3 0.8359375 0.5234375 0.02890625 0.071875
3 0.9546875 0.984375 0.02265625 0.03125
3 0.98515625 0.8140625 0.0203125 0.09765625
3 0.99140625 0.2640625 0.0171875 0.08125
3 0.2375 0.6234375 0.0234375 0.10390625
3 0.20625 0.92109375 0.03046875 0.10859375
3 0.290625 0.6328125 0.02890625 0.10390625
3 0.31875 0.5859375 0.02734375 0.1015625
2 0.18984375 0.8765625 0.0125 0.025
2 0.23515625 0.29921875 0.009375 0.01484375