3 0.165625 0.775 0.04296875 0.12578125
3 0.66875 0.88203125 0.0375 0.13125
3 0.478125 0.7296875 0.0375 0.11328125
3 0.753125 0.64765625 0.028125 0.1046875
3 0.79140625 0.7515625 0.0359375 0.11875
3 0.78203125 0.4796875 0.03515625 0.096875
3 0.834375 0.5828125 0.0359375 0.109375
3 0.89609375 0.45078125 0.0359375 0.07890625
3 0.2671875 0.625 0.0328125 0.11328125
3 0.26875 0.94453125 0.04140625 0.1109375
3 0.325 0.6296875 0.0390625 0.1140625
3 0.35 0.5765625 0.03671875 0.1109375
2 0.2453125 0.90234375 0.01484375 0.028125
2 0.22890625 0.278125 0.0109375 0.01640625