3 0.10625 0.721875 0.03359375 0.1140625
3 0.29765625 0.58125 0.0390625 0.09140625
3 0.3453125 0.5328125 0.03203125 0.10859375
3 0.465625 0.56796875 0.0296875 0.1140625
3 0.4328125 0.7765625 0.0484375 0.12578125
3 0.3625 0.89375 0.04296875 0.12578125
3 0.578125 0.8796875 0.03359375 0.1140625
3 0.74375 0.8453125 0.0390625 0.12265625
3 0.7375 0.7484375 0.03359375 0.090625
3 0.775 0.62890625 0.03671875 0.1046875
3 0.82578125 0.63203125 0.04296875 0.0953125
3 0.86796875 0.5984375 0.0421875 0.0953125
2 0.178125 0.2328125 0.009375 0.015625