3 0.825 0.73984375 0.03203125 0.10234375
3 0.6515625 0.6171875 0.03671875 0.08203125
3 0.6078125 0.57421875 0.03125 0.09765625
3 0.5 0.6078125 0.02890625 0.1015625
3 0.5328125 0.79375 0.0453125 0.1125
3 0.5984375 0.896875 0.040625 0.1125
3 0.40390625 0.88828125 0.03203125 0.10234375
3 0.2546875 0.859375 0.03671875 0.11015625
3 0.2578125 0.7734375 0.03125 0.08125
3 0.22265625 0.6671875 0.03515625 0.09375
3 0.1765625 0.6703125 0.040625 0.0859375
3 0.1390625 0.6421875 0.03984375 0.0859375
2 0.753125 0.303125 0.00859375 0.0140625