3 0.425 0.92421875 0.03828125 0.11171875
3 0.25 0.8375 0.03359375 0.1171875
3 0.3046875 0.72421875 0.0265625 0.10078125
3 0.2765625 0.6171875 0.01953125 0.10859375
3 0.184375 0.6515625 0.025 0.10625
3 0.4453125 0.5890625 0.03515625 0.08359375
3 0.84921875 0.80625 0.03125 0.11171875
3 0.78359375 0.7671875 0.03359375 0.121875
3 0.66171875 0.8171875 0.0375 0.103125
3 0.575 0.69609375 0.0359375 0.11484375
3 0.5625 0.63671875 0.02109375 0.103125
3 0.68671875 0.9453125 0.034375 0.103125
2 0.80859375 0.91875 0.0125 0.025
2 0.790625 0.31640625 0.009375 0.0171875