3 0.1640625 0.9765625 0.03515625 0.046875
3 0.05625 0.9375 0.028125 0.115625
3 0.07890625 0.92109375 0.025 0.109375
3 0.328125 0.68515625 0.03203125 0.09296875
3 0.40859375 0.7421875 0.0265625 0.10546875
3 0.4609375 0.765625 0.03515625 0.1171875
3 0.384375 0.9078125 0.03359375 0.10234375
3 0.42578125 0.8765625 0.04453125 0.08203125
3 0.4796875 0.978125 0.04140625 0.04375
3 0.5671875 0.7328125 0.03125 0.10546875
3 0.73515625 0.725 0.028125 0.09453125
3 0.9875 0.3078125 0.02109375 0.08984375
3 0.99375 0.64609375 0.01171875 0.1015625
2 0.209375 0.3515625 0.01328125 0.01875