3 0.6421875 0.49765625 0.04453125 0.13046875
3 0.53984375 0.33671875 0.02265625 0.13125
3 0.5640625 0.2953125 0.02734375 0.121875
3 0.55234375 0.20703125 0.02890625 0.1
3 0.6453125 0.17890625 0.025 0.1109375
3 0.403125 0.1328125 0.0296875 0.11484375
3 0.465625 0.0703125 0.0234375 0.1125
3 0.5078125 0.0625 0.03125 0.125
3 0.20703125 0.00703125 0.0296875 0.0140625
3 0.79921875 0.01953125 0.0328125 0.0390625
3 0.8390625 0.30625 0.03828125 0.1328125
3 0.8390625 0.2453125 0.0265625 0.1125
3 0.90625 0.353125 0.03125 0.11328125