3 0.9921875 0.6859375 0.0109375 0.0890625
3 0.9453125 0.43515625 0.0234375 0.084375
3 0.8390625 0.9140625 0.02734375 0.11484375
3 0.7640625 0.7484375 0.02265625 0.08828125
3 0.73125 0.6265625 0.02578125 0.1
3 0.5984375 0.4390625 0.02578125 0.0921875
3 0.5171875 0.846875 0.02421875 0.09921875
3 0.4515625 0.975 0.0203125 0.04921875
3 0.45390625 0.834375 0.02734375 0.09765625
3 0.3640625 0.990625 0.02734375 0.015625
3 0.384375 0.628125 0.02421875 0.0984375
3 0.321875 0.6328125 0.025 0.0859375
3 0.3296875 0.4453125 0.01875 0.11484375
2 0.3921875 0.109375 0.00859375 0.0140625