3 0.9625 0.3453125 0.028125 0.09140625
3 0.884375 0.86328125 0.03359375 0.12265625
3 0.7921875 0.6921875 0.028125 0.09453125
3 0.75 0.565625 0.03125 0.10703125
3 0.59453125 0.37578125 0.03046875 0.09921875
3 0.5375 0.815625 0.0296875 0.10703125
3 0.47578125 0.96484375 0.0234375 0.0703125
3 0.4703125 0.8078125 0.0328125 0.1046875
3 0.3859375 0.98515625 0.03125 0.0296875
3 0.38046875 0.59296875 0.0296875 0.10546875
3 0.3140625 0.6015625 0.0296875 0.09296875
3 0.3078125 0.4015625 0.02421875 0.1234375
2 0.35 0.0390625 0.01015625 0.01484375