3 0.8234375 0.909375 0.0328125 0.103125
3 0.98828125 0.55546875 0.0234375 0.0921875
3 0.865625 0.7375 0.02578125 0.09140625
3 0.7921875 0.503125 0.025 0.08515625
3 0.66875 0.7140625 0.0234375 0.0859375
3 0.6296875 0.6859375 0.0265625 0.0953125
3 0.48125 0.49765625 0.0296875 0.08984375
3 0.3046875 0.4875 0.0296875 0.0765625
3 0.30625 0.634375 0.0265625 0.0953125
3 0.2125 0.65234375 0.0296875 0.09609375
2 0.21171875 0.57421875 0.009375 0.01875
3 0.4125 0.9890625 0.0234375 0.015625
3 0.4078125 0.86875 0.02734375 0.0984375
3 0.45 0.87265625 0.0265625 0.0984375
2 0.29375 0.3796875 0.0109375 0.0171875