3 0.09921875 0.4921875 0.03203125 0.09375
3 0.04296875 0.7359375 0.05 0.10546875
3 0.0359375 0.9125 0.034375 0.11328125
3 0.2390625 0.7171875 0.03125 0.096875
3 0.27734375 0.70625 0.0328125 0.1046875
3 0.3875 0.5375 0.03046875 0.10234375
3 0.634375 0.51875 0.0296875 0.0875
3 0.653125 0.68671875 0.02734375 0.10546875
3 0.74609375 0.72734375 0.02578125 0.08515625
3 0.4359375 0.915625 0.0359375 0.10859375
3 0.4703125 0.91328125 0.03203125 0.103125
2 0.6484375 0.39453125 0.01015625 0.015625
2 0.671875 0.303125 0.009375 0.0140625