3 0.109375 0.57578125 0.0265625 0.096875
3 0.06875 0.834375 0.04453125 0.10859375
3 0.075 0.98125 0.028125 0.0375
3 0.27265625 0.8 0.0265625 0.1
3 0.31171875 0.7859375 0.0265625 0.10859375
3 0.415625 0.6015625 0.025 0.10625
3 0.67265625 0.5640625 0.025 0.090625
3 0.7046875 0.73828125 0.02109375 0.109375
3 0.8046875 0.77421875 0.02109375 0.0875
3 0.49140625 0.96796875 0.0296875 0.0640625
3 0.52890625 0.96640625 0.0265625 0.0671875
2 0.678125 0.43203125 0.009375 0.015625
2 0.6953125 0.3359375 0.009375 0.0140625