3 0.94296875 0.45 0.03125 0.09921875
3 0.9140625 0.4265625 0.0265625 0.09453125
3 0.903125 0.6671875 0.0453125 0.10859375
3 0.865625 0.87734375 0.02890625 0.11640625
3 0.721875 0.63125 0.025 0.09609375
3 0.7046875 0.615625 0.0265625 0.1125
3 0.63125 0.4796875 0.0265625 0.0953125
3 0.3515625 0.42421875 0.03125 0.096875
3 0.36015625 0.6109375 0.028125 0.1046875
3 0.20625 0.7234375 0.0375 0.1234375
3 0.58828125 0.8109375 0.02890625 0.1109375
3 0.55390625 0.9875 0.02734375 0.021875
3 0.54140625 0.809375 0.0296875 0.10625
2 0.20390625 0.6703125 0.01171875 0.021875
2 0.32109375 0.3390625 0.01015625 0.0171875
2 0.30078125 0.24296875 0.0078125 0.0125