3 0.0234375 0.4 0.0140625 0.0984375
3 0.0421875 0.409375 0.03046875 0.1015625
3 0.021875 0.7890625 0.04140625 0.1125
3 0.246875 0.878125 0.03515625 0.13515625
3 0.196875 0.5609375 0.01875 0.096875
3 0.1890625 0.49609375 0.02578125 0.10625
3 0.2359375 0.4234375 0.021875 0.11015625
2 0.5796875 0.246875 0.009375 0.0125
3 0.56484375 0.359375 0.028125 0.09765625
3 0.5265625 0.58828125 0.02578125 0.1125
3 0.47421875 0.73515625 0.03203125 0.115625
3 0.52578125 0.74375 0.025 0.1140625
3 0.7375 0.703125 0.028125 0.1359375
2 0.7453125 0.640625 0.0109375 0.01953125
3 0.7703125 0.99140625 0.0375 0.0171875
3 0.51796875 0.959375 0.0328125 0.08046875
2 0.5953125 0.14375 0.01171875 0.015625