3 0.0609375 0.346875 0.03828125 0.11796875
3 0.0875 0.35546875 0.04296875 0.128125
3 0.0984375 0.58515625 0.0390625 0.1171875
3 0.2859375 0.3953125 0.04296875 0.11953125
3 0.28359375 0.3671875 0.03046875 0.1171875
3 0.6015625 0.3390625 0.04296875 0.11484375
2 0.62109375 0.1859375 0.0140625 0.01953125
3 0.56171875 0.590625 0.0625 0.13125
3 0.503125 0.7609375 0.040625 0.13203125
3 0.26875 0.73125 0.0421875 0.1421875
3 0.29375 0.715625 0.03515625 0.109375
3 0.5625 0.821875 0.05078125 0.1796875
3 0.58125 0.96484375 0.04609375 0.0703125
3 0.74765625 0.69453125 0.0375 0.1515625
2 0.76015625 0.634375 0.0140625 0.02890625
2 0.64609375 0.07109375 0.01640625 0.02265625