3 0.0375 0.62421875 0.02890625 0.10390625
3 0.1046875 0.55390625 0.03515625 0.08828125
3 0.2046875 0.4015625 0.02578125 0.0984375
3 0.19453125 0.5703125 0.03671875 0.0890625
3 0.22421875 0.5109375 0.0296875 0.103125
3 0.04375 0.9828125 0.03125 0.03359375
3 0.03359375 0.9578125 0.0234375 0.08359375
3 0.26015625 0.8265625 0.04609375 0.11640625
3 0.32109375 0.659375 0.03359375 0.096875
3 0.38671875 0.58125 0.0265625 0.11171875
3 0.33125 0.465625 0.01953125 0.10703125
3 0.340625 0.43671875 0.01796875 0.10234375
3 0.4125 0.62890625 0.0234375 0.11171875
3 0.40625 0.7671875 0.03359375 0.11015625
3 0.46171875 0.96328125 0.0328125 0.0734375
3 0.52578125 0.9828125 0.0265625 0.03359375
3 0.53125 0.696875 0.03046875 0.1078125
3 0.5796875 0.39140625 0.03359375 0.10078125
2 0.64296875 0.3515625 0.00859375 0.01875
2 0.6578125 0.24609375 0.0125 0.01484375