3 0.01640625 0.31640625 0.0296875 0.0890625
3 0.078125 0.6578125 0.0296875 0.09609375
3 0.15078125 0.8625 0.04609375 0.1171875
3 0.1640625 0.728125 0.04609375 0.09609375
3 0.2765625 0.8453125 0.03125 0.11875
3 0.3078125 0.4953125 0.03125 0.10234375
3 0.45234375 0.8828125 0.02734375 0.10546875
3 0.52890625 0.58203125 0.040625 0.10703125
3 0.540625 0.65 0.0265625 0.103125
3 0.6921875 0.61640625 0.01953125 0.11484375
3 0.68125 0.740625 0.02890625 0.11015625
3 0.6125 0.7796875 0.03359375 0.11640625
3 0.66953125 0.91171875 0.03828125 0.11484375
3 0.8296875 0.90078125 0.03671875 0.1