3 0.37578125 0.19453125 0.025 0.08359375
2 0.3671875 0.24453125 0.01171875 0.01953125
3 0.84921875 0.3359375 0.02265625 0.11328125
3 0.975 0.2015625 0.01875 0.10078125
3 0.79453125 0.6484375 0.02578125 0.12109375
3 0.765625 0.8078125 0.04765625 0.1265625
3 0.6484375 0.5671875 0.0328125 0.1171875
3 0.628125 0.93046875 0.03984375 0.12421875
3 0.46796875 0.7390625 0.03359375 0.11640625
3 0.4421875 0.915625 0.04453125 0.13359375
3 0.3234375 0.7640625 0.0359375 0.1171875
3 0.16875 0.4015625 0.0234375 0.1171875
3 0.0828125 0.484375 0.040625 0.1109375
3 0.0796875 0.528125 0.0359375 0.10078125
3 0.0734375 0.7125 0.0421875 0.1171875