3 0.6640625 0.1953125 0.02578125 0.08125
2 0.67109375 0.24375 0.01171875 0.01875
3 0.2 0.325 0.0234375 0.11015625
3 0.0796875 0.19140625 0.0203125 0.0984375
3 0.2484375 0.628125 0.0265625 0.11796875
3 0.27421875 0.78359375 0.0484375 0.12421875
3 0.3921875 0.5515625 0.03359375 0.1140625
3 0.40625 0.90625 0.040625 0.12109375
3 0.56484375 0.72265625 0.034375 0.11328125
3 0.5875 0.89375 0.04609375 0.13046875
3 0.7046875 0.74921875 0.0375 0.1140625
3 0.86171875 0.4 0.025 0.1140625
3 0.94375 0.48125 0.04140625 0.10859375
3 0.946875 0.52421875 0.03671875 0.0984375
3 0.95 0.703125 0.04296875 0.11484375