3 0.6390625 0.221875 0.02421875 0.0796875
2 0.646875 0.26875 0.0109375 0.01875
3 0.18203125 0.35703125 0.02109375 0.10859375
3 0.0609375 0.228125 0.01875 0.096875
3 0.23515625 0.65625 0.025 0.11640625
3 0.26328125 0.809375 0.04609375 0.121875
3 0.37578125 0.57890625 0.03125 0.1125
3 0.3953125 0.928125 0.0390625 0.11953125
3 0.55 0.74375 0.0328125 0.11171875
3 0.575 0.9140625 0.04296875 0.128125
3 0.6890625 0.76875 0.034375 0.1125
3 0.83828125 0.4203125 0.02265625 0.1125
3 0.921875 0.49921875 0.0390625 0.10625
3 0.925 0.54140625 0.034375 0.096875
3 0.9296875 0.71875 0.040625 0.1125