3 0.0359375 0.328125 0.025 0.09140625
3 0.0703125 0.5921875 0.0375 0.1078125
3 0.153125 0.6859375 0.028125 0.0953125
3 0.31484375 0.40625 0.0296875 0.0984375
3 0.184375 0.86484375 0.03515625 0.1109375
3 0.35078125 0.825 0.03203125 0.09921875
3 0.365625 0.859375 0.03984375 0.1125
3 0.7328125 0.4296875 0.02578125 0.09140625
2 0.72421875 0.4734375 0.01171875 0.02109375
3 0.8484375 0.334375 0.02734375 0.0953125
3 0.8546875 0.7390625 0.04375 0.115625
3 0.8140625 0.8125 0.03203125 0.10859375
3 0.6546875 0.63671875 0.03671875 0.11015625
3 0.4625 0.9671875 0.02734375 0.065625
3 0.440625 0.9640625 0.03359375 0.07109375
2 0.984375 0.3140625 0.0078125 0.01640625