3 0.11875 0.39375 0.02734375 0.08359375
3 0.109375 0.6921875 0.040625 0.09296875
3 0.2984375 0.540625 0.028125 0.09296875
3 0.2515625 0.77578125 0.0296875 0.090625
3 0.29453125 0.8875 0.0265625 0.1
3 0.36640625 0.9234375 0.03515625 0.1046875
3 0.32578125 0.95859375 0.028125 0.0828125
3 0.4375 0.9875 0.02734375 0.025
3 0.5984375 0.578125 0.03046875 0.08671875
2 0.5828125 0.61640625 0.0125 0.01796875
3 0.6828125 0.721875 0.034375 0.1046875
3 0.8953125 0.46640625 0.025 0.075
3 0.890625 0.8734375 0.03125 0.10390625
3 0.96875 0.82109375 0.03359375 0.10703125
2 0.9828125 0.3765625 0.0125 0.0203125