3 0.85390625 0.3328125 0.0265625 0.078125
3 0.9078125 0.6078125 0.03984375 0.0875
3 0.709375 0.4953125 0.02734375 0.0875
3 0.78671875 0.70625 0.0296875 0.08515625
3 0.7625 0.815625 0.0265625 0.09453125
3 0.7015625 0.8609375 0.034375 0.0984375
3 0.7453125 0.8984375 0.02890625 0.096875
3 0.646875 0.95390625 0.0296875 0.071875
3 0.6296875 0.9671875 0.03359375 0.05
3 0.434375 0.575 0.0296875 0.08203125
2 0.4546875 0.6078125 0.01171875 0.0171875
3 0.3765625 0.71953125 0.034375 0.0984375
3 0.1421875 0.5140625 0.025 0.0703125
3 0.2046875 0.890625 0.03125 0.0984375
3 0.125 0.8546875 0.03359375 0.10078125
2 0.046875 0.44375 0.01171875 0.01953125