4 0.0671875 0.4125 0.0203125 0.078125
1 0.1375 0.553125 0.0203125 0.08125
1 0.2421875 0.6078125 0.02421875 0.08984375
3 0.22734375 0.65859375 0.02265625 0.0734375
2 0.31484375 0.6484375 0.01171875 0.015625
1 0.509375 0.6375 0.0203125 0.0890625
0 0.8421875 0.5625 0.0203125 0.078125
1 0.83125 0.903125 0.02421875 0.1015625
3 0.72578125 0.946875 0.0203125 0.10546875
3 0.5234375 0.7453125 0.02421875 0.09921875
3 0.3421875 0.996875 0.025 0.00546875
3 0.31875 0.98984375 0.021875 0.0203125
3 0.26328125 0.89375 0.02578125 0.0921875
1 0.190625 0.88125 0.02265625 0.0890625
0 0.19375 0.95078125 0.025 0.096875
2 0.8953125 0.4203125 0.00859375 0.01796875