3 0.8890625 0.4390625 0.02578125 0.08828125
3 0.890625 0.6 0.028125 0.08359375
3 0.4953125 0.675 0.034375 0.0921875
3 0.690625 0.728125 0.03125 0.09453125
3 0.70625 0.76796875 0.0296875 0.08828125
3 0.73125 0.859375 0.0296875 0.09296875
3 0.653125 0.89609375 0.03203125 0.09296875
3 0.4390625 0.7640625 0.040625 0.0953125
3 0.696875 0.9859375 0.025 0.028125
3 0.13359375 0.521875 0.025 0.084375
3 0.109375 0.8171875 0.03515625 0.10390625
3 0.1265625 0.9125 0.0359375 0.103125
2 0.0859375 0.3859375 0.01171875 0.01484375