3 0.884375 0.37578125 0.0203125 0.0890625
3 0.903125 0.53984375 0.02265625 0.084375
3 0.5078125 0.6578125 0.02890625 0.09296875
3 0.7125 0.69140625 0.025 0.0953125
3 0.73359375 0.7296875 0.02421875 0.0890625
3 0.76796875 0.8203125 0.02421875 0.09375
3 0.6921875 0.8671875 0.0265625 0.09453125
3 0.46015625 0.7546875 0.03515625 0.0953125
3 0.7484375 0.9671875 0.02265625 0.05625
3 0.12421875 0.540625 0.01953125 0.08515625
3 0.13125 0.84453125 0.02890625 0.1046875
3 0.159375 0.9390625 0.02890625 0.10390625
2 0.0609375 0.4078125 0.0109375 0.01484375