3 0.925 0.4359375 0.028125 0.08515625
3 0.98203125 0.7078125 0.01171875 0.09453125
3 0.75859375 0.809375 0.0375 0.0890625
3 0.74765625 0.9390625 0.03515625 0.096875
3 0.6609375 0.9078125 0.03203125 0.096875
3 0.7046875 0.99296875 0.025 0.0140625
3 0.65078125 0.7609375 0.03515625 0.10625
3 0.45625 0.65859375 0.03125 0.090625
3 0.45625 0.815625 0.03203125 0.0984375
3 0.18203125 0.93203125 0.0296875 0.08515625
3 0.1453125 0.8328125 0.03515625 0.09140625
3 0.0625 0.553125 0.02578125 0.08203125
2 0.0390625 0.36875 0.01015625 0.01328125