3 0.1125 0.1765625 0.028125 0.0890625
3 0.03515625 0.6578125 0.04140625 0.08984375
3 0.0109375 0.93125 0.021875 0.0875
3 0.18125 0.903125 0.03671875 0.1171875
3 0.2078125 0.76328125 0.03046875 0.09296875
3 0.23125 0.74140625 0.03125 0.10234375
2 0.265625 0.709375 0.0125 0.02265625
3 0.315625 0.55625 0.040625 0.11171875
3 0.35078125 0.97265625 0.04921875 0.04296875
3 0.40625 0.94765625 0.04296875 0.09765625
3 0.5203125 0.7421875 0.03125 0.1125
3 0.61015625 0.5296875 0.02890625 0.103125
3 0.75 0.9625 0.0390625 0.07421875
3 0.840625 0.88984375 0.04140625 0.1265625