3 0.9078125 0.20546875 0.02421875 0.0859375
3 0.9671875 0.6734375 0.0375 0.0859375
3 0.98515625 0.94375 0.0296875 0.09375
3 0.8171875 0.90703125 0.03203125 0.11328125
3 0.796875 0.7703125 0.0265625 0.0890625
3 0.775 0.7484375 0.0265625 0.0984375
2 0.7421875 0.71640625 0.01171875 0.021875
3 0.69921875 0.565625 0.0359375 0.10703125
3 0.6515625 0.9734375 0.04609375 0.04921875
3 0.5984375 0.946875 0.03828125 0.103125
3 0.4953125 0.7390625 0.0265625 0.10859375
3 0.415625 0.53125 0.02421875 0.09921875
3 0.265625 0.95546875 0.03515625 0.0890625
3 0.18125 0.871875 0.0359375 0.121875