3 0.11328125 0.21640625 0.02109375 0.0796875
3 0.065625 0.65625 0.03359375 0.0796875
3 0.0515625 0.9265625 0.0265625 0.1125
3 0.21015625 0.87265625 0.028125 0.10546875
3 0.228125 0.7453125 0.0234375 0.0828125
3 0.2484375 0.7234375 0.0234375 0.0921875
2 0.278125 0.69296875 0.0109375 0.0203125
3 0.31640625 0.55078125 0.03203125 0.1
3 0.36796875 0.9546875 0.0421875 0.08984375
3 0.41875 0.9140625 0.03515625 0.10546875
3 0.5109375 0.7109375 0.0234375 0.1015625
3 0.5828125 0.5140625 0.021875 0.0921875
3 0.73125 0.928125 0.03203125 0.115625
3 0.81015625 0.8296875 0.03203125 0.1140625