3 0.2953125 0.51015625 0.04609375 0.14453125
3 0.38984375 0.50234375 0.04453125 0.1296875
3 0.48828125 0.4734375 0.034375 0.13671875
3 0.41171875 0.625 0.05546875 0.15625
3 0.37421875 0.35625 0.040625 0.13125
3 0.778125 0.0296875 0.0328125 0.02578125
3 0.6078125 0.23125 0.0296875 0.1234375
3 0.484375 0.13125 0.0390625 0.121875
3 0.57109375 0.12109375 0.0296875 0.06484375
3 0.5640625 0.2015625 0.03828125 0.11875
3 0.5421875 0.1625 0.0359375 0.06875
3 0.53359375 0.2421875 0.0390625 0.128125
3 0.50625 0.23984375 0.040625 0.1296875