3 0.5203125 0.51875 0.02734375 0.103125
3 0.80703125 0.56875 0.03046875 0.10703125
3 0.87421875 0.6109375 0.0375 0.09375
3 0.928125 0.740625 0.03671875 0.0984375
3 0.85 0.80234375 0.04296875 0.10234375
3 0.83828125 0.9 0.02734375 0.11015625
3 0.67578125 0.96953125 0.0390625 0.0609375
2 0.65625 0.659375 0.01640625 0.01953125
3 0.6046875 0.7015625 0.03828125 0.1046875
3 0.621875 0.90390625 0.0453125 0.1046875
3 0.30859375 0.8796875 0.03828125 0.115625
3 0.2296875 0.73515625 0.0265625 0.11484375
3 0.1515625 0.425 0.028125 0.09375
3 0.9765625 0.9421875 0.0203125 0.11484375
2 0.015625 0.42265625 0.01328125 0.02265625
2 0.1953125 0.096875 0.0125 0.01796875