3 0.51953125 0.49140625 0.02734375 0.10390625
3 0.809375 0.521875 0.03125 0.1078125
3 0.8796875 0.55859375 0.03828125 0.09453125
3 0.94375 0.6859375 0.03671875 0.09921875
3 0.86875 0.753125 0.04296875 0.103125
3 0.8640625 0.8515625 0.02734375 0.1109375
3 0.70625 0.9484375 0.03984375 0.090625
2 0.66484375 0.62265625 0.0171875 0.0203125
3 0.615625 0.66953125 0.03828125 0.10546875
3 0.64765625 0.8703125 0.04609375 0.10546875
3 0.3328125 0.86875 0.03828125 0.11640625
3 0.24375 0.72890625 0.0265625 0.115625
3 0.14375 0.4234375 0.028125 0.09453125
3 0.99765625 0.8875 0.0046875 0.12109375
2 0.00625 0.4296875 0.0125 0.021875
2 0.1640625 0.090625 0.0125 0.01796875