3 0.03203125 0.91875 0.0359375 0.11640625
3 0.1640625 0.859375 0.0375 0.11484375
3 0.16875 0.6421875 0.025 0.10625
3 0.171875 0.5640625 0.02734375 0.10234375
3 0.265625 0.65 0.028125 0.09765625
3 0.3109375 0.7453125 0.034375 0.11015625
3 0.4765625 0.49765625 0.03671875 0.10390625
3 0.5203125 0.709375 0.03359375 0.1125
3 0.53359375 0.7921875 0.03125 0.10625
3 0.5578125 0.7765625 0.0296875 0.09765625
3 0.5828125 0.6296875 0.03515625 0.09453125
3 0.603125 0.6359375 0.0375 0.08828125
3 0.8046875 0.44765625 0.025 0.1046875
2 0.928125 0.4109375 0.01484375 0.01875