2 0.2109375 0.57109375 0.01015625 0.02109375
3 0.21875 0.5296875 0.02890625 0.09609375
3 0.0640625 0.7203125 0.03828125 0.09296875
3 0.0875 0.75625 0.03125 0.0890625
3 0.1828125 0.9046875 0.0421875 0.1140625
3 0.2765625 0.8640625 0.02890625 0.10390625
3 0.3953125 0.896875 0.03671875 0.11171875
3 0.453125 0.9828125 0.0375 0.03359375
3 0.515625 0.77265625 0.02265625 0.10703125
3 0.53046875 0.865625 0.028125 0.1046875
3 0.6734375 0.93828125 0.0296875 0.10703125
3 0.7703125 0.809375 0.02578125 0.115625
3 0.5921875 0.3140625 0.01953125 0.09296875
2 0.6609375 0.2 0.009375 0.0125