2 0.04609375 0.5796875 0.01015625 0.0171875
3 0.0078125 0.5390625 0.01484375 0.08984375
3 0.11875 0.6875 0.03125 0.09140625
3 0.128125 0.73828125 0.025 0.10859375
3 0.2265625 0.89765625 0.0359375 0.1140625
3 0.33125 0.871875 0.03515625 0.10859375
3 0.39140625 0.95546875 0.028125 0.0890625
3 0.55625 0.96328125 0.03671875 0.07109375
3 0.5703125 0.909375 0.028125 0.11328125
3 0.58515625 0.840625 0.03046875 0.0984375
3 0.565625 0.7359375 0.0328125 0.11015625
3 0.95625 0.90234375 0.0328125 0.10859375
3 0.825 0.3421875 0.02265625 0.0984375
3 0.32265625 0.53125 0.02734375 0.1015625
2 0.896875 0.21875 0.00703125 0.0140625