2 0.01875 0.525 0.01171875 0.01953125
3 0.08203125 0.65 0.0375 0.0984375
3 0.084375 0.7046875 0.0328125 0.11640625
3 0.1671875 0.8859375 0.04375 0.12265625
3 0.28125 0.871875 0.04296875 0.1171875
3 0.334375 0.9546875 0.03203125 0.06796875
3 0.5078125 0.97890625 0.040625 0.0421875
3 0.52734375 0.940625 0.0359375 0.11796875
3 0.5515625 0.871875 0.0375 0.10625
3 0.5453125 0.75859375 0.04140625 0.11875
3 0.9328125 0.9625 0.04140625 0.075
3 0.86875 0.375 0.0296875 0.10546875
3 0.315625 0.5109375 0.034375 0.109375
2 0.959375 0.2546875 0.00859375 0.015625