3 0.07109375 0.52734375 0.03125 0.10703125
3 0.1578125 0.6609375 0.03671875 0.10078125
3 0.165625 0.9171875 0.0375 0.12109375
3 0.29375 0.521875 0.03671875 0.10546875
3 0.309375 0.815625 0.0328125 0.11875
3 0.3484375 0.8515625 0.0359375 0.11875
3 0.38515625 0.9859375 0.03125 0.028125
3 0.5375 0.7234375 0.0421875 0.11640625
3 0.6078125 0.9109375 0.0375 0.12578125
3 0.71796875 0.9671875 0.03828125 0.04453125
3 0.9484375 0.9265625 0.03125 0.10234375
3 0.8078125 0.29375 0.0265625 0.1015625
2 0.878125 0.1671875 0.01484375 0.01875