3 0.0421875 0.51796875 0.02734375 0.10390625
3 0.1171875 0.6546875 0.0328125 0.09765625
3 0.1078125 0.90703125 0.0328125 0.11796875
3 0.2609375 0.528125 0.0328125 0.103125
3 0.2546875 0.815625 0.02890625 0.11640625
3 0.29140625 0.8546875 0.03125 0.11640625
3 0.31875 0.9859375 0.02890625 0.021875
3 0.48515625 0.7421875 0.0375 0.11328125
3 0.5421875 0.9296875 0.0328125 0.1234375
3 0.64609375 0.9859375 0.0359375 0.028125
3 0.87421875 0.959375 0.0265625 0.08125
3 0.7796875 0.33984375 0.02265625 0.09921875
2 0.8578125 0.2203125 0.0140625 0.01796875