3 0.94375 0.8515625 0.0359375 0.11953125
3 0.9640625 0.47890625 0.02890625 0.10859375
3 0.82265625 0.5875 0.0296875 0.10390625
3 0.778125 0.803125 0.05546875 0.1234375
3 0.68984375 0.8078125 0.0390625 0.12109375
3 0.70546875 0.4828125 0.03046875 0.11484375
3 0.4921875 0.646875 0.04375 0.11875
3 0.3921875 0.7921875 0.03671875 0.13046875
3 0.1546875 0.253125 0.0296875 0.1046875
3 0.259375 0.8828125 0.0359375 0.12578125
3 0.09375 0.91875 0.04765625 0.1234375
2 0.0859375 0.134375 0.0140625 0.01953125