3 0.86875 0.18828125 0.04375 0.11015625
3 0.18671875 0.0234375 0.025 0.0265625
3 0.63828125 0.5328125 0.034375 0.13671875
3 0.53125 0.6453125 0.0546875 0.15
3 0.521875 0.41796875 0.03984375 0.12109375
3 0.40625 0.1703125 0.03125 0.11015625
3 0.3171875 0.3140625 0.0328125 0.1203125
3 0.4546875 0.56015625 0.03671875 0.12265625
3 0.41484375 0.2796875 0.03125 0.12109375
3 0.3578125 0.2375 0.03203125 0.09453125
3 0.3546875 0.31796875 0.03203125 0.12421875
3 0.4640625 0.5109375 0.03359375 0.121875
3 0.3859375 0.2375 0.03203125 0.12578125
3 0.3984375 0.30625 0.0328125 0.128125