3 0.7265625 0.853125 0.034375 0.096875
3 0.2671875 0.9625 0.0375 0.04765625
3 0.38125 0.940625 0.0328125 0.103125
3 0.0125 0.8828125 0.025 0.096875
3 0.7921875 0.73359375 0.02890625 0.0890625
3 0.396875 0.8390625 0.0375 0.0984375
3 0.084375 0.6 0.02421875 0.0828125
3 0.421875 0.66015625 0.03671875 0.090625
3 0.1234375 0.8203125 0.03515625 0.09765625
3 0.11171875 0.253125 0.02578125 0.07421875
3 0.1140625 0.778125 0.0234375 0.0875
3 0.2484375 0.63046875 0.025 0.08515625
2 0.82109375 0.30859375 0.01171875 0.015625