3 0.946875 0.86953125 0.02421875 0.0921875
3 0.5921875 0.9265625 0.03046875 0.090625
3 0.60234375 0.7765625 0.0234375 0.09609375
3 0.875 0.7453125 0.01875 0.07890625
3 0.90703125 0.59375 0.02265625 0.07734375
3 0.34453125 0.7 0.02265625 0.09375
3 0.31875 0.640625 0.028125 0.08203125
3 0.11328125 0.9859375 0.0265625 0.028125
3 0.78359375 0.70859375 0.02265625 0.08515625
3 0.6390625 0.6109375 0.0203125 0.090625
3 0.99296875 0.8421875 0.0140625 0.0890625
3 0.94296875 0.26875 0.01640625 0.0703125
3 0.70625 0.61875 0.021875 0.084375
3 0.6234375 0.84375 0.0203125 0.096875
2 0.2515625 0.2875 0.01171875 0.0109375