3 0.2265625 0.8859375 0.0234375 0.0875
3 0.85078125 0.959375 0.0234375 0.08046875
3 0.425 0.596875 0.01796875 0.08203125
3 0.64765625 0.753125 0.01796875 0.090625
3 0.9671875 0.5671875 0.01953125 0.07734375
3 0.9671875 0.275 0.01875 0.0703125
3 0.4671875 0.5859375 0.01796875 0.08125
3 0.87265625 0.6265625 0.021875 0.08125
3 0.6765625 0.71875 0.02265625 0.0859375
3 0.91171875 0.6921875 0.0203125 0.07578125
3 0.76875 0.60234375 0.021875 0.0796875
3 0.6359375 0.871875 0.025 0.09453125
3 0.7421875 0.57890625 0.01953125 0.08046875
2 0.271875 0.3015625 0.00859375 0.01640625