2 0.0125 0.8 0.01484375 0.01640625
3 0.0125 0.61796875 0.025 0.0640625
3 0.0453125 0.50625 0.01796875 0.07421875
3 0.096875 0.5125 0.02265625 0.075
3 0.1671875 0.7296875 0.025 0.065625
3 0.21875 0.525 0.01484375 0.06953125
3 0.290625 0.59375 0.01640625 0.075
3 0.3578125 0.54609375 0.02109375 0.0828125
3 0.428125 0.75625 0.0171875 0.08359375
3 0.71875 0.4875 0.01875 0.07578125
3 0.73984375 0.659375 0.0234375 0.08046875
3 0.2125 0.9390625 0.02578125 0.0953125
3 0.27265625 0.96484375 0.0234375 0.0703125
2 0.8703125 0.565625 0.00703125 0.0203125
2 0.728125 0.28359375 0.01015625 0.0140625