3 0.2 0.809375 0.03515625 0.09296875
2 0.2078125 0.85390625 0.0125 0.02265625
3 0.1515625 0.815625 0.0453125 0.09375
3 0.4328125 0.94375 0.0375 0.1125
3 0.37578125 0.890625 0.0390625 0.11171875
3 0.3765625 0.7875 0.04765625 0.07265625
3 0.2734375 0.678125 0.04609375 0.09921875
3 0.21015625 0.61953125 0.03515625 0.1015625
3 0.1875 0.484375 0.03515625 0.10546875
3 0.1453125 0.4828125 0.0359375 0.10546875
3 0.0578125 0.56796875 0.03671875 0.1109375
3 0.6234375 0.64375 0.04453125 0.10703125
3 0.6125 0.6015625 0.03203125 0.09765625
3 0.684375 0.459375 0.03671875 0.11171875
3 0.9109375 0.4734375 0.040625 0.11328125
3 0.94375 0.36875 0.03046875 0.103125