3 0.11875 0.8390625 0.03046875 0.0953125
2 0.121875 0.8859375 0.01171875 0.02265625
3 0.06875 0.840625 0.04140625 0.0953125
3 0.346875 0.971875 0.0296875 0.0515625
3 0.2921875 0.940625 0.03359375 0.11171875
3 0.30546875 0.8359375 0.0453125 0.07265625
3 0.209375 0.71015625 0.040625 0.1015625
3 0.15 0.6421875 0.0296875 0.1046875
3 0.140625 0.5 0.0296875 0.10859375
3 0.096875 0.49375 0.03046875 0.10859375
3 0.00625 0.5703125 0.0125 0.11484375
3 0.578125 0.7140625 0.0390625 0.109375
3 0.57109375 0.66875 0.0265625 0.10078125
3 0.6625 0.528125 0.03046875 0.11484375
3 0.8953125 0.5671875 0.03515625 0.1171875
3 0.94140625 0.4625 0.02421875 0.10703125