3 0.0515625 0.5625 0.025 0.1078125
3 0.1296875 0.5109375 0.02890625 0.0984375
3 0.14609375 0.50703125 0.0203125 0.10390625
3 0.21796875 0.578125 0.02890625 0.0890625
3 0.25859375 0.7421875 0.03046875 0.09609375
3 0.27265625 0.871875 0.02890625 0.109375
3 0.3359375 0.9453125 0.04453125 0.09609375
3 0.4796875 0.721875 0.03984375 0.10078125
3 0.4390625 0.57421875 0.0296875 0.07890625
3 0.47265625 0.5921875 0.03984375 0.0703125
3 0.590625 0.7703125 0.0328125 0.10546875
3 0.5890625 0.7328125 0.03671875 0.05390625
3 0.721875 0.6140625 0.03203125 0.0984375
3 0.834375 0.6453125 0.03125 0.11015625
3 0.81953125 0.440625 0.01875 0.08125