3 0.99375 0.496875 0.01171875 0.11953125
3 0.91328125 0.4421875 0.034375 0.11015625
3 0.8953125 0.4375 0.025 0.115625
3 0.8171875 0.51875 0.03359375 0.1
3 0.775 0.70234375 0.03515625 0.10703125
3 0.76171875 0.84609375 0.034375 0.121875
3 0.69375 0.9328125 0.0515625 0.11328125
3 0.5296875 0.68359375 0.04609375 0.1125
3 0.57109375 0.51875 0.034375 0.08828125
3 0.53515625 0.53828125 0.0453125 0.07890625
3 0.4078125 0.7390625 0.03828125 0.1171875
3 0.40859375 0.69765625 0.04140625 0.06015625
3 0.259375 0.5671875 0.0375 0.11015625
3 0.134375 0.6046875 0.03671875 0.12265625
3 0.146875 0.3765625 0.021875 0.090625