3 0.94765625 0.575 0.015625 0.10859375
3 0.9046875 0.49375 0.0203125 0.096875
3 0.878125 0.50234375 0.01953125 0.10625
3 0.79609375 0.82890625 0.02578125 0.10625
3 0.7625 0.671875 0.0234375 0.096875
3 0.74765625 0.628125 0.0234375 0.09375
3 0.703125 0.890625 0.0265625 0.1171875
3 0.634375 0.68203125 0.0234375 0.10859375
2 0.63828125 0.725 0.0109375 0.0171875
3 0.6171875 0.5671875 0.01953125 0.103125
3 0.5890625 0.6296875 0.0390625 0.075
3 0.446875 0.6796875 0.03125 0.10390625
3 0.4109375 0.55234375 0.025 0.10234375
3 0.40625 0.8046875 0.02734375 0.1125
3 0.3078125 0.6359375 0.0234375 0.10625
3 0.2390625 0.41015625 0.0203125 0.090625
2 0.0109375 0.58671875 0.009375 0.02265625