3 0.6015625 0.625 0.03671875 0.14921875
3 0.71875 0.503125 0.03671875 0.1515625
3 0.3921875 0.5234375 0.03125 0.140625
3 0.42421875 0.53671875 0.04453125 0.14609375
3 0.5109375 0.4859375 0.03828125 0.15078125
3 0.496875 0.3703125 0.05 0.13671875
3 0.4953125 0.3453125 0.065625 0.1109375
3 0.459375 0.2671875 0.0328125 0.1359375
3 0.4875 0.2390625 0.04765625 0.125
3 0.465625 0.2046875 0.03515625 0.11875
3 0.5 0.1828125 0.03671875 0.07734375
3 0.459375 0.1265625 0.03671875 0.10625
3 0.59375 0.1140625 0.028125 0.12421875
3 0.7859375 0.09765625 0.034375 0.12109375
3 0.93125 0.0453125 0.03515625 0.08984375