3 0.56328125 0.69296875 0.0375 0.1453125
3 0.675 0.5734375 0.03828125 0.14765625
3 0.36015625 0.5984375 0.0328125 0.13671875
3 0.390625 0.6109375 0.04609375 0.1421875
3 0.47421875 0.5609375 0.03984375 0.14609375
3 0.4578125 0.44765625 0.05 0.13359375
3 0.45625 0.4234375 0.06484375 0.10859375
3 0.4203125 0.3484375 0.034375 0.13203125
3 0.446875 0.32109375 0.04765625 0.121875
3 0.425 0.28828125 0.0359375 0.115625
3 0.4578125 0.26640625 0.03671875 0.07578125
3 0.4171875 0.2125 0.03671875 0.103125
3 0.5484375 0.1984375 0.02890625 0.12109375
3 0.734375 0.17890625 0.03515625 0.1171875
3 0.8734375 0.1125 0.0359375 0.11875
3 0.94375 0.0828125 0.0375 0.11640625
3 0.1828125 0.05 0.04765625 0.07109375