3 0.0375 0.92421875 0.02734375 0.12421875
3 0.22578125 0.9625 0.0359375 0.075
3 0.0921875 0.4921875 0.028125 0.109375
3 0.10625 0.5078125 0.02578125 0.1140625
3 0.1046875 0.6984375 0.03125 0.1203125
3 0.190625 0.66953125 0.0265625 0.11171875
3 0.2484375 0.640625 0.02578125 0.1046875
3 0.2890625 0.5234375 0.02890625 0.11328125
3 0.484375 0.7515625 0.034375 0.103125
3 0.5015625 0.72265625 0.0375 0.11953125
3 0.53515625 0.7859375 0.03203125 0.1171875
2 0.5109375 0.8140625 0.0140625 0.02421875
3 0.5078125 0.95546875 0.040625 0.0890625
3 0.60625 0.584375 0.02265625 0.128125
3 0.81875 0.6734375 0.0265625 0.11953125
3 0.98671875 0.43984375 0.02109375 0.10703125