3 0.9796875 0.6671875 0.021875 0.11171875
3 0.9828125 0.59375 0.02890625 0.09296875
3 0.96953125 0.5921875 0.0328125 0.1078125
3 0.8859375 0.53671875 0.04375 0.115625
3 0.87265625 0.6203125 0.046875 0.11328125
3 0.60078125 0.503125 0.034375 0.11484375
3 0.5921875 0.6859375 0.03984375 0.11875
3 0.675 0.71328125 0.03984375 0.11328125
3 0.7453125 0.90703125 0.04375 0.128125
3 0.46953125 0.9859375 0.0328125 0.028125
3 0.15078125 0.6046875 0.04296875 0.12578125
3 0.0296875 0.3828125 0.0359375 0.1109375