3 0.95625 0.88125 0.03984375 0.13046875
3 0.89453125 0.6703125 0.02578125 0.11953125
3 0.82265625 0.84375 0.0296875 0.13515625
3 0.7390625 0.74375 0.03203125 0.13203125
3 0.6625 0.61953125 0.028125 0.11171875
3 0.60234375 0.3765625 0.02421875 0.11171875
3 0.50859375 0.33203125 0.02421875 0.10703125
3 0.1984375 0.259375 0.028125 0.0765625
3 0.2796875 0.421875 0.02578125 0.1109375
3 0.30234375 0.5328125 0.028125 0.11640625
3 0.3125 0.75 0.03671875 0.12734375
3 0.38984375 0.86171875 0.03671875 0.1265625
2 0.228125 0.634375 0.0140625 0.02265625
3 0.1953125 0.96328125 0.025 0.0734375
3 0.0609375 0.821875 0.03515625 0.12890625
3 0.17578125 0.50625 0.028125 0.11171875
3 0.128125 0.4015625 0.02578125 0.1234375
3 0.05546875 0.528125 0.03125 0.12265625
3 0.0125 0.45625 0.025 0.103125