3 0.3703125 0.95546875 0.034375 0.0890625
3 0.21875 0.890625 0.0484375 0.10546875
3 0.175 0.53515625 0.03125 0.09375
3 0.2078125 0.60234375 0.03203125 0.10546875
3 0.225 0.496875 0.0296875 0.10390625
3 0.309375 0.69296875 0.0359375 0.0796875
3 0.30078125 0.5734375 0.02890625 0.090625
3 0.3 0.3390625 0.0265625 0.09140625
3 0.3671875 0.4875 0.02890625 0.09765625
3 0.4765625 0.5546875 0.0375 0.1078125
3 0.5359375 0.42578125 0.025 0.0875
3 0.6296875 0.43203125 0.03125 0.09765625
3 0.4515625 0.834375 0.0453125 0.109375
3 0.6765625 0.71875 0.034375 0.09609375
3 0.675 0.6640625 0.02890625 0.06875
3 0.7828125 0.703125 0.0296875 0.10546875
3 0.8375 0.76875 0.0375 0.11484375
3 0.85546875 0.7890625 0.03046875 0.10234375