3 0.01015625 0.4796875 0.0203125 0.13046875
3 0.046875 0.48125 0.0296875 0.1390625
3 0.1484375 0.465625 0.0328125 0.13515625
3 0.21796875 0.51484375 0.040625 0.1359375
3 0.2109375 0.4546875 0.04921875 0.09296875
3 0.30078125 0.559375 0.03046875 0.1328125
3 0.28359375 0.6453125 0.0265625 0.11484375
3 0.4609375 0.715625 0.05625 0.121875
3 0.38828125 0.4890625 0.04296875 0.140625
3 0.43125 0.48359375 0.0328125 0.1296875
3 0.48359375 0.403125 0.03203125 0.128125
3 0.44375 0.25625 0.03828125 0.1140625
3 0.37265625 0.14921875 0.04765625 0.10546875
3 0.190625 0.14296875 0.03203125 0.11640625
3 0.1328125 0.1015625 0.03984375 0.11484375
3 0.87890625 0.08125 0.03203125 0.1125
3 0.8140625 0.459375 0.03671875 0.13984375
3 0.7390625 0.49921875 0.04453125 0.12265625