3 0.9859375 0.47109375 0.028125 0.1375
3 0.9453125 0.475 0.03671875 0.146875
3 0.8390625 0.46640625 0.03984375 0.14296875
3 0.76953125 0.5234375 0.04765625 0.14453125
3 0.7734375 0.45859375 0.0546875 0.09921875
3 0.6859375 0.5765625 0.03671875 0.140625
3 0.71015625 0.66484375 0.03203125 0.121875
3 0.5296875 0.75234375 0.06328125 0.1296875
3 0.5890625 0.5078125 0.05 0.15
3 0.54375 0.50625 0.03984375 0.1375
3 0.4828125 0.425 0.03828125 0.1359375
3 0.5140625 0.26875 0.04375 0.121875
3 0.58046875 0.15 0.05390625 0.11328125
3 0.7703125 0.1296875 0.03828125 0.1234375
3 0.828125 0.0828125 0.0453125 0.12265625
3 0.0453125 0.115625 0.0375 0.11875
3 0.14140625 0.5078125 0.04375 0.1484375
3 0.221875 0.5453125 0.0515625 0.13125