3 0.00703125 0.51953125 0.0140625 0.14375
3 0.10234375 0.5015625 0.03984375 0.14375
3 0.1765625 0.5515625 0.0484375 0.1453125
3 0.1671875 0.4875 0.0546875 0.1
3 0.265625 0.59609375 0.03671875 0.14140625
3 0.2515625 0.6875 0.0328125 0.12265625
3 0.440625 0.75546875 0.0640625 0.13046875
3 0.35625 0.5171875 0.05 0.15078125
3 0.4015625 0.51015625 0.03984375 0.13828125
3 0.453125 0.4234375 0.03828125 0.13671875
3 0.40625 0.2703125 0.04453125 0.121875
3 0.3265625 0.1578125 0.05390625 0.11328125
3 0.134375 0.15859375 0.03828125 0.12421875
3 0.071875 0.11640625 0.04609375 0.1234375
3 0.859375 0.0671875 0.03828125 0.11953125
3 0.8046875 0.4703125 0.04375 0.14921875
3 0.72734375 0.515625 0.0515625 0.13203125