3 0.9984375 0.946875 0.003125 0.10546875
3 0.70859375 0.80625 0.0421875 0.10546875
3 0.66953125 0.8078125 0.03359375 0.0953125
3 0.6515625 0.78359375 0.0265625 0.09765625
3 0.6625 0.5203125 0.01875 0.0953125
3 0.5734375 0.50703125 0.02109375 0.09140625
3 0.5734375 0.59453125 0.02578125 0.090625
3 0.5625 0.7421875 0.02421875 0.10390625
3 0.3609375 0.3828125 0.02421875 0.08984375
3 0.40703125 0.53125 0.021875 0.0953125
3 0.34765625 0.615625 0.02578125 0.09296875
3 0.3265625 0.69609375 0.02578125 0.09921875
3 0.3875 0.95390625 0.028125 0.0921875
3 0.2765625 0.859375 0.02734375 0.10234375
3 0.24375 0.5125 0.01953125 0.0515625
3 0.2515625 0.5625 0.01953125 0.06953125
3 0.2546875 0.62578125 0.02421875 0.096875