3 0.38125 0.4765625 0.03359375 0.0875
3 0.3234375 0.6140625 0.028125 0.0859375
3 0.3546875 0.703125 0.02890625 0.0890625
3 0.28125 0.809375 0.034375 0.09921875
3 0.3265625 0.9453125 0.03984375 0.0796875
3 0.3984375 0.784375 0.03125 0.08984375
2 0.3828125 0.85390625 0.0125 0.01640625
3 0.4859375 0.72890625 0.03125 0.09296875
3 0.425 0.65859375 0.0265625 0.0765625
3 0.509375 0.64375 0.02734375 0.0890625
3 0.1828125 0.59375 0.028125 0.0859375
3 0.121875 0.65390625 0.03203125 0.09453125
3 0.0765625 0.6 0.03046875 0.0890625
3 0.1375 0.82265625 0.02734375 0.0828125
3 0.125 0.86640625 0.028125 0.090625
3 0.11875 0.8140625 0.034375 0.10625
3 0.5671875 0.90625 0.03515625 0.09453125
3 0.90625 0.80546875 0.0328125 0.0953125