3 0.8390625 0.9546875 0.02109375 0.075
3 0.93828125 0.98046875 0.01953125 0.02421875
3 0.95078125 0.96875 0.015625 0.04765625
3 0.934375 0.6390625 0.01640625 0.06484375
3 0.9109375 0.81796875 0.0171875 0.06640625
3 0.9078125 0.875 0.0171875 0.0640625
3 0.928125 0.9109375 0.01484375 0.07109375
3 0.74453125 0.9703125 0.0203125 0.05078125
3 0.75703125 0.83515625 0.01875 0.065625
3 0.70625 0.88125 0.0203125 0.06171875
3 0.6578125 0.9125 0.01796875 0.075
3 0.290625 0.8421875 0.0234375 0.0671875
2 0.16640625 0.9265625 0.01015625 0.0171875
2 0.28203125 0.6796875 0.0078125 0.0140625