3 0.84453125 0.9484375 0.02265625 0.0765625
3 0.94296875 0.98359375 0.0203125 0.0328125
3 0.9578125 0.971875 0.01796875 0.05625
3 0.959375 0.63203125 0.01796875 0.06640625
3 0.925 0.8125 0.01953125 0.06796875
3 0.91875 0.87109375 0.01796875 0.065625
3 0.9375 0.90859375 0.01640625 0.07265625
3 0.746875 0.96640625 0.02265625 0.0671875
3 0.76875 0.821875 0.0203125 0.0671875
3 0.71484375 0.865625 0.021875 0.06328125
3 0.6625 0.8953125 0.01953125 0.0765625
3 0.29375 0.8046875 0.025 0.06953125
2 0.16328125 0.884375 0.01015625 0.01796875
2 0.29375 0.6390625 0.00859375 0.0140625