3 0.95625 0.6125 0.02265625 0.0609375
3 0.93828125 0.7859375 0.01953125 0.06953125
3 0.934375 0.846875 0.01796875 0.05859375
3 0.93359375 0.88203125 0.0203125 0.03828125
3 0.9390625 0.9234375 0.02734375 0.0765625
3 0.95 0.96640625 0.01953125 0.0078125
3 0.971875 0.94375 0.02109375 0.04921875
3 0.99296875 0.9359375 0.0140625 0.0609375
3 0.74765625 0.815625 0.02421875 0.0671875
3 0.74453125 0.8578125 0.0203125 0.059375
3 0.71953125 0.89765625 0.02109375 0.0734375
3 0.759375 0.975 0.028125 0.01875
3 0.3359375 0.86015625 0.01953125 0.0640625
2 0.22578125 0.9265625 0.00859375 0.01875
2 0.32578125 0.684375 0.00703125 0.0109375