3 0.0375 0.6828125 0.0203125 0.06015625
3 0.0734375 0.8578125 0.0203125 0.071875
3 0.08671875 0.9234375 0.01875 0.0609375
3 0.05234375 0.96640625 0.0171875 0.0671875
3 0.02578125 0.99296875 0.0140625 0.0140625
3 0.01875 0.98046875 0.00625 0.0390625
3 0.2765625 0.86171875 0.0171875 0.0421875
3 0.27890625 0.909375 0.01875 0.0609375
3 0.3109375 0.95234375 0.0171875 0.07421875
3 0.696875 0.8609375 0.01953125 0.071875
2 0.81640625 0.928125 0.00859375 0.0171875
2 0.68984375 0.68984375 0.00859375 0.0125