3 0.090625 0.6203125 0.0140625 0.0640625
3 0.0796875 0.796875 0.01875 0.06796875
3 0.0875 0.8609375 0.01875 0.06015625
3 0.0578125 0.9671875 0.0203125 0.05
3 0.04453125 0.971875 0.015625 0.04140625
3 0.025 0.95625 0.02421875 0.07109375
3 0.01328125 0.9078125 0.0203125 0.06796875
3 0.303125 0.89140625 0.01796875 0.0765625
3 0.271875 0.88203125 0.0203125 0.07109375
3 0.27890625 0.8296875 0.01875 0.05546875
3 0.690625 0.8140625 0.0140625 0.07421875
2 0.8140625 0.903125 0.00859375 0.01640625
2 0.6984375 0.659375 0.00859375 0.0125