3 0.97265625 0.66953125 0.0546875 0.05546875
3 0.85625 0.4765625 0.03984375 0.12890625
3 0.815625 0.45625 0.0359375 0.115625
3 0.7625 0.4359375 0.040625 0.13046875
3 0.7109375 0.3578125 0.02578125 0.11875
3 0.5953125 0.3 0.034375 0.12421875
3 0.53046875 0.2484375 0.04140625 0.115625
3 0.48046875 0.18671875 0.03671875 0.10546875
3 0.734375 0.078125 0.028125 0.10234375
3 0.75859375 0.0609375 0.02890625 0.103125
3 0.95234375 0.40625 0.0375 0.1234375
3 0.98125 0.20078125 0.02890625 0.1125
3 0.284375 0.40234375 0.05546875 0.12265625
3 0.478125 0.74375 0.05234375 0.13359375