3 0.12109375 0.9734375 0.0203125 0.053125
0 0.1328125 0.9609375 0.01484375 0.059375
1 0.16171875 0.8546875 0.01953125 0.059375
3 0.1375 0.77734375 0.01640625 0.053125
4 0.08125 0.61484375 0.01796875 0.05703125
1 0.1765625 0.715625 0.01796875 0.05703125
2 0.18984375 0.73203125 0.00625 0.01328125
1 0.265625 0.965625 0.01796875 0.065625
3 0.3 0.865625 0.01796875 0.0703125
1 0.4296875 0.77421875 0.015625 0.0640625
3 0.4765625 0.98046875 0.021875 0.0390625
1 0.50625 0.971875 0.021875 0.05546875
0 0.64140625 0.7421875 0.0140625 0.059375
2 0.684375 0.66875 0.00703125 0.01328125
2 0.796875 0.89921875 0.00703125 0.01484375