3 0.115625 0.8484375 0.01328125 0.06796875
3 0.16796875 0.5953125 0.01484375 0.05546875
3 0.259375 0.690625 0.0140625 0.05859375
3 0.271875 0.9296875 0.01953125 0.0671875
3 0.3484375 0.80859375 0.01640625 0.05625
3 0.3640625 0.821875 0.01640625 0.0484375
3 0.478125 0.7984375 0.0234375 0.0546875
3 0.49375 0.74921875 0.015625 0.0609375
3 0.3671875 0.93359375 0.01953125 0.06015625
2 0.52109375 0.8671875 0.00703125 0.01640625
3 0.50234375 0.9296875 0.021875 0.0671875
3 0.621875 0.703125 0.01640625 0.05546875
2 0.68359375 0.66875 0.00703125 0.01640625
2 0.796875 0.8984375 0.00859375 0.01484375
3 0.6453125 0.9875 0.01875 0.025
3 0.6734375 0.984375 0.015625 0.03046875