3 0.146875 0.6578125 0.01875 0.0625
3 0.15546875 0.97890625 0.0296875 0.0421875
3 0.2625 0.796875 0.021875 0.0609375
2 0.2734375 0.82421875 0.0078125 0.0140625
3 0.4078125 0.9484375 0.02890625 0.065625
3 0.4296875 0.9453125 0.028125 0.065625
3 0.46328125 0.9859375 0.025 0.028125
3 0.4875 0.871875 0.0234375 0.06796875
3 0.553125 0.82421875 0.02109375 0.0671875
3 0.6734375 0.76484375 0.01953125 0.06328125
3 0.6546875 0.940625 0.0234375 0.07421875
2 0.70703125 0.665625 0.00859375 0.015625
2 0.840625 0.8953125 0.0109375 0.0171875