3 0.90625 0.95390625 0.025 0.0921875
3 0.971875 0.8125 0.02421875 0.0828125
3 0.7140625 0.71015625 0.02734375 0.09453125
3 0.7015625 0.878125 0.0234375 0.0953125
3 0.39375 0.921875 0.02578125 0.075
3 0.390625 0.884375 0.02578125 0.0546875
3 0.37734375 0.81875 0.0390625 0.09296875
3 0.2984375 0.7984375 0.02734375 0.09296875
3 0.25234375 0.9828125 0.0390625 0.03359375
3 0.13125 0.96328125 0.025 0.0734375
2 0.15546875 0.996875 0.0140625 0.00546875
3 0.1421875 0.7625 0.0265625 0.09296875
2 0.40859375 0.3109375 0.0078125 0.0140625