3 0.171875 0.95390625 0.03984375 0.04140625
3 0.0796875 0.7875 0.03828125 0.0921875
3 0.36171875 0.9109375 0.04453125 0.10703125
3 0.4296875 0.671875 0.03671875 0.10078125
2 0.5984375 0.2890625 0.0109375 0.01796875
3 0.5796875 0.909375 0.03203125 0.1109375
3 0.65390625 0.8578125 0.0359375 0.10625
3 0.61796875 0.9875 0.0296875 0.025
3 0.6921875 0.98203125 0.04296875 0.0359375
3 0.7703125 0.95859375 0.0390625 0.0828125
3 0.7609375 0.8859375 0.03515625 0.109375
3 0.8234375 0.8015625 0.03359375 0.10078125