3 0.753125 0.8078125 0.03046875 0.084375
3 0.80625 0.959375 0.025 0.08046875
3 0.88984375 0.928125 0.03359375 0.0921875
3 0.8953125 0.8046875 0.02578125 0.08203125
3 0.95625 0.59375 0.02109375 0.084375
3 0.95625 0.340625 0.01953125 0.0625
3 0.46796875 0.61796875 0.021875 0.0890625
2 0.4859375 0.6453125 0.0109375 0.021875
3 0.546875 0.8890625 0.03359375 0.0984375
3 0.4421875 0.91875 0.0234375 0.09609375
3 0.43125 0.98828125 0.021875 0.0234375
3 0.38984375 0.8078125 0.028125 0.09296875
3 0.246875 0.7625 0.03046875 0.0921875
3 0.2125 0.95703125 0.03125 0.0859375
3 0.18203125 0.95 0.0296875 0.1
3 0.1546875 0.8109375 0.028125 0.090625
2 0.4171875 0.3109375 0.01015625 0.01171875