3 0.00859375 0.7796875 0.0171875 0.08046875
3 0.0640625 0.62734375 0.02421875 0.0796875
3 0.08125 0.80625 0.02421875 0.08671875
3 0.1609375 0.94375 0.028125 0.0953125
3 0.33515625 0.959375 0.0265625 0.08046875
3 0.3625 0.8578125 0.03359375 0.09921875
3 0.50703125 0.92109375 0.0265625 0.096875
3 0.46875 0.68125 0.02265625 0.07421875
2 0.4734375 0.72109375 0.01171875 0.02265625
3 0.6609375 0.8390625 0.0203125 0.09765625
3 0.659375 0.76796875 0.0296875 0.0828125
3 0.803125 0.6078125 0.025 0.078125
2 0.9046875 0.56875 0.009375 0.0171875
2 0.7578125 0.2796875 0.009375 0.01328125
3 0.025 0.31953125 0.01796875 0.08046875