3 0.190625 0.98125 0.02421875 0.0375
3 0.1765625 0.871875 0.0328125 0.10078125
3 0.140625 0.784375 0.02265625 0.10546875
3 0.0671875 0.625 0.0265625 0.103125
3 0.43125 0.6875 0.02734375 0.10625
2 0.5515625 0.7375 0.01171875 0.0203125
3 0.58359375 0.73828125 0.03828125 0.1015625
3 0.528125 0.8359375 0.0296875 0.1203125
3 0.4296875 0.9515625 0.034375 0.096875
3 0.6703125 0.9296875 0.03515625 0.1125
3 0.6984375 0.94140625 0.0328125 0.1109375
3 0.815625 0.55859375 0.025 0.0953125
2 0.92578125 0.5078125 0.009375 0.01328125