3 0.7703125 0.9625 0.02734375 0.05859375
3 0.778125 0.83671875 0.03671875 0.10625
3 0.8125 0.74375 0.02578125 0.11171875
3 0.8796875 0.571875 0.0296875 0.10859375
3 0.50078125 0.65703125 0.03125 0.11171875
2 0.37734375 0.715625 0.0125 0.02109375
3 0.34296875 0.71875 0.0421875 0.1078125
3 0.40625 0.81875 0.03359375 0.12734375
3 0.515625 0.9421875 0.03671875 0.11328125
3 0.2625 0.925 0.03984375 0.11875
3 0.2328125 0.940625 0.03671875 0.11796875
3 0.08828125 0.54375 0.028125 0.10078125
3 0.9734375 0.171875 0.0265625 0.0921875