2 0.98359375 0.65859375 0.00703125 0.0203125
3 0.82265625 0.9890625 0.0421875 0.02109375
3 0.86875 0.57578125 0.03828125 0.0875
3 0.778125 0.73125 0.03515625 0.0953125
3 0.76484375 0.6921875 0.0375 0.09140625
3 0.6703125 0.99609375 0.0421875 0.0078125
3 0.6078125 0.99296875 0.0375 0.0140625
3 0.66796875 0.9203125 0.0515625 0.10703125
3 0.6140625 0.88125 0.04375 0.10234375
3 0.52578125 0.7609375 0.04296875 0.10390625
3 0.4890625 0.728125 0.046875 0.11171875
3 0.3953125 0.60625 0.0359375 0.109375
3 0.2546875 0.953125 0.04140625 0.05078125
3 0.184375 0.9203125 0.04765625 0.1
2 0.05625 0.0828125 0.0109375 0.0140625
3 0.93125 0.228125 0.0265625 0.08671875