3 0.98125 0.9703125 0.03046875 0.04453125
3 0.93515625 0.68828125 0.03203125 0.09765625
3 0.8109375 0.8609375 0.03125 0.1140625
3 0.7609375 0.90625 0.034375 0.1171875
3 0.703125 0.9890625 0.0296875 0.01640625
3 0.6921875 0.9796875 0.01796875 0.034375
3 0.67265625 0.8625 0.03515625 0.1140625
3 0.7984375 0.63515625 0.02265625 0.09765625
3 0.80234375 0.47734375 0.025 0.1
3 0.56171875 0.72890625 0.03359375 0.1171875
3 0.26875 0.6015625 0.0296875 0.11484375
3 0.80078125 0.0984375 0.02109375 0.0859375