3 0.99453125 0.775 0.0109375 0.12265625
3 0.94609375 0.88203125 0.04453125 0.12265625
3 0.8296875 0.5828125 0.0484375 0.090625
3 0.7578125 0.5390625 0.0359375 0.075
3 0.8609375 0.91796875 0.0546875 0.096875
3 0.49296875 0.6234375 0.0359375 0.1046875
3 0.47578125 0.5796875 0.03046875 0.096875
2 0.3640625 0.71953125 0.01796875 0.02734375
3 0.37734375 0.8796875 0.04921875 0.125
3 0.203125 0.83125 0.05390625 0.121875
3 0.23203125 0.38671875 0.03359375 0.1046875
2 0.1328125 0.30859375 0.0109375 0.01953125