3 0.0890625 0.8984375 0.04765625 0.1140625
3 0.1109375 0.87421875 0.03671875 0.1171875
3 0.18984375 0.95078125 0.0421875 0.0984375
3 0.240625 0.6578125 0.046875 0.08671875
3 0.2984375 0.603125 0.034375 0.07265625
3 0.27734375 0.965625 0.053125 0.06875
3 0.5640625 0.628125 0.034375 0.10078125
3 0.571875 0.584375 0.02890625 0.09296875
2 0.7046875 0.69296875 0.0171875 0.0265625
3 0.72421875 0.8453125 0.04765625 0.11953125
3 0.878125 0.765625 0.0515625 0.11640625
3 0.7625 0.3546875 0.0328125 0.1
2 0.840625 0.26171875 0.01015625 0.01875