3 0.803125 0.9265625 0.034375 0.090625
3 0.8296875 0.76875 0.03515625 0.11015625
3 0.865625 0.775 0.0328125 0.1203125
3 0.9015625 0.88984375 0.04296875 0.121875
3 0.99453125 0.90625 0.0109375 0.08828125
3 0.978125 0.39765625 0.03125 0.103125
3 0.9234375 0.0328125 0.03125 0.06484375
3 0.646875 0.5125 0.03515625 0.1109375
3 0.4796875 0.6640625 0.03515625 0.11015625
3 0.4625 0.96953125 0.03671875 0.0609375
3 0.43203125 0.94609375 0.0359375 0.1078125
3 0.23046875 0.7359375 0.053125 0.1109375
2 0.03125 0.1015625 0.01015625 0.0140625