3 0.0296875 0.446875 0.025 0.09453125
3 0.1375 0.921875 0.03359375 0.11171875
3 0.1859375 0.80859375 0.02109375 0.1078125
3 0.196875 0.796875 0.021875 0.09921875
3 0.38125 0.9453125 0.0375 0.10859375
3 0.615625 0.459375 0.0328125 0.08828125
2 0.584375 0.49375 0.01171875 0.02109375
3 0.571875 0.58515625 0.0296875 0.09609375
3 0.571875 0.8375 0.0234375 0.1046875
3 0.628125 0.8109375 0.0296875 0.0984375
3 0.7125 0.728125 0.03046875 0.10234375
3 0.759375 0.75625 0.0328125 0.10078125
2 0.7890625 0.2859375 0.00859375 0.01484375
2 0.959375 0.5875 0.00859375 0.01953125
3 0.7078125 0.3609375 0.02109375 0.0921875