3 0.9140625 0.765625 0.0453125 0.11796875
3 0.921875 0.5375 0.034375 0.09453125
2 0.9171875 0.596875 0.0125 0.025
3 0.82890625 0.8453125 0.03984375 0.115625
3 0.8953125 0.9484375 0.03125 0.103125
3 0.80625 0.95625 0.0359375 0.0875
3 0.62109375 0.56484375 0.04375 0.1078125
3 0.484375 0.48671875 0.03984375 0.10390625
3 0.55 0.7875 0.04140625 0.1078125
3 0.4859375 0.86640625 0.0328125 0.11796875
3 0.40859375 0.734375 0.03046875 0.1046875
3 0.37890625 0.91015625 0.0390625 0.11171875
3 0.17421875 0.36953125 0.02890625 0.103125
2 0.0984375 0.2390625 0.01171875 0.0171875