3 0.0328125 0.7140625 0.04140625 0.1171875
3 0.04140625 0.4859375 0.03125 0.09375
2 0.04140625 0.54609375 0.01171875 0.02421875
3 0.1125 0.8 0.0359375 0.1140625
3 0.0390625 0.9078125 0.02734375 0.12109375
3 0.1265625 0.93125 0.0328125 0.125
3 0.3390625 0.534375 0.03984375 0.10703125
3 0.48125 0.465625 0.0359375 0.103125
3 0.39453125 0.76171875 0.0375 0.10703125
3 0.453125 0.84453125 0.02890625 0.1171875
3 0.5390625 0.71875 0.0265625 0.10390625
3 0.55703125 0.8953125 0.03515625 0.1109375
3 0.7984375 0.3703125 0.025 0.103125
2 0.8828125 0.24609375 0.0109375 0.0171875