3 0.2046875 0.95703125 0.05 0.0859375
3 0.165625 0.8453125 0.04609375 0.1203125
3 0.2046875 0.85078125 0.03515625 0.10703125
3 0.26484375 0.7640625 0.0390625 0.10859375
3 0.27421875 0.5109375 0.040625 0.11640625
3 0.3578125 0.8328125 0.0453125 0.109375
3 0.378125 0.5453125 0.0390625 0.11953125
3 0.38203125 0.7359375 0.03984375 0.09921875
3 0.428125 0.9421875 0.0484375 0.11328125
3 0.48671875 0.3640625 0.0421875 0.11328125
3 0.653125 0.640625 0.03671875 0.0796875
3 0.64140625 0.7 0.06328125 0.090625
3 0.6734375 0.7890625 0.03984375 0.08359375
3 0.92109375 0.74609375 0.0546875 0.0921875
2 0.9171875 0.8 0.0171875 0.02578125