3 0.83359375 0.96171875 0.0453125 0.0765625
3 0.86875 0.85 0.040625 0.121875
3 0.82890625 0.8578125 0.03046875 0.10859375
3 0.76328125 0.771875 0.03359375 0.11015625
3 0.73984375 0.51484375 0.0359375 0.11796875
3 0.671875 0.8484375 0.03984375 0.1109375
3 0.6359375 0.5546875 0.03359375 0.121875
3 0.6421875 0.75 0.0359375 0.1
3 0.6078125 0.95234375 0.04296875 0.0953125
3 0.515625 0.37578125 0.03671875 0.1140625
3 0.3609375 0.6671875 0.03359375 0.08046875
3 0.3765625 0.728125 0.06015625 0.08984375
3 0.3484375 0.8203125 0.03671875 0.08359375
3 0.09375 0.7890625 0.05078125 0.0921875
2 0.1015625 0.84375 0.01640625 0.02578125