3 0.8328125 0.8421875 0.0359375 0.1296875
3 0.68125 0.9625 0.03359375 0.07421875
3 0.72421875 0.87578125 0.034375 0.12109375
3 0.7921875 0.6140625 0.053125 0.12890625
3 0.54765625 0.90625 0.03359375 0.1296875
3 0.353125 0.853125 0.0359375 0.115625
3 0.140625 0.9421875 0.03515625 0.0921875
3 0.3453125 0.6375 0.03515625 0.115625
3 0.28671875 0.59453125 0.04375 0.096875
3 0.60625 0.46640625 0.03515625 0.10625
3 0.99296875 0.45859375 0.0140625 0.1140625
3 0.2953125 0.215625 0.02734375 0.1109375
2 0.009375 0.40625 0.0109375 0.0171875