3 0.13359375 0.60625 0.04140625 0.12109375
3 0.2234375 0.934375 0.053125 0.08203125
3 0.2703125 0.94140625 0.046875 0.078125
3 0.315625 0.778125 0.05 0.13203125
3 0.38125 0.94375 0.053125 0.096875
3 0.45859375 0.80078125 0.053125 0.13203125
3 0.37109375 0.54375 0.0453125 0.12734375
3 0.2125 0.50703125 0.05625 0.1296875
2 0.20703125 0.55625 0.01640625 0.0265625
3 0.26796875 0.3640625 0.0453125 0.109375
3 0.67890625 0.48203125 0.0484375 0.153125
3 0.6015625 0.7734375 0.0421875 0.13125
3 0.71875 0.7953125 0.04453125 0.12578125
3 0.78203125 0.85859375 0.0453125 0.1203125