3 0.8328125 0.725 0.03515625 0.10625
3 0.7 0.97890625 0.04453125 0.0421875
3 0.6578125 0.978125 0.03984375 0.04296875
3 0.646875 0.84296875 0.0421875 0.115625
3 0.5625 0.965625 0.04453125 0.06796875
3 0.51875 0.8375 0.0453125 0.115625
3 0.6375 0.63046875 0.03828125 0.11171875
3 0.78125 0.625 0.04765625 0.1140625
2 0.778125 0.66875 0.0140625 0.02265625
3 0.7578125 0.4921875 0.03828125 0.09609375
3 0.38125 0.525 0.040625 0.13515625
3 0.4 0.790625 0.03515625 0.11484375
3 0.29453125 0.78984375 0.0375 0.11015625
3 0.22890625 0.83359375 0.03828125 0.10546875