3 0.00078125 0.65546875 0.0015625 0.09453125
3 0.14453125 0.971875 0.0234375 0.05546875
3 0.1765625 0.9984375 0.025 0.003125
3 0.2375 0.75390625 0.03046875 0.09453125
3 0.33125 0.6640625 0.021875 0.09609375
3 0.57265625 0.440625 0.01875 0.07265625
3 0.40390625 0.83125 0.02421875 0.09609375
3 0.390625 0.93828125 0.0328125 0.1078125
2 0.45625 0.8625 0.0171875 0.021875
3 0.5671875 0.915625 0.02734375 0.0921875
3 0.63125 0.871875 0.0234375 0.09453125
2 0.778125 0.6046875 0.01171875 0.0171875
2 0.63203125 0.3484375 0.00625 0.0109375
2 0.5015625 0.08125 0.00703125 0.0140625