3 0.0109375 0.7546875 0.021875 0.103125
3 0.084375 0.896875 0.034375 0.09921875
3 0.1125 0.90703125 0.03046875 0.10546875
3 0.13125 0.9265625 0.02890625 0.1015625
3 0.11875 0.78125 0.034375 0.09296875
2 0.109375 0.81875 0.0109375 0.01640625
3 0.19375 0.8140625 0.03046875 0.0421875
3 0.215625 0.8078125 0.0296875 0.1
3 0.32734375 0.6078125 0.02578125 0.09140625
3 0.44921875 0.9609375 0.0328125 0.078125
3 0.47421875 0.95078125 0.0296875 0.0984375
3 0.528125 0.8546875 0.03671875 0.0953125
3 0.7078125 0.9125 0.03125 0.09765625
3 0.6125 0.3796875 0.02109375 0.0921875
2 0.83359375 0.5484375 0.00859375 0.01875
2 0.678125 0.275 0.009375 0.01640625