3 0.0140625 0.6046875 0.02109375 0.10078125
3 0.02578125 0.9296875 0.02578125 0.06015625
3 0.0296875 0.9609375 0.028125 0.078125
3 0.11875 0.753125 0.02265625 0.10078125
3 0.128125 0.8140625 0.02421875 0.10703125
3 0.17265625 0.8625 0.021875 0.1046875
3 0.21875 0.7546875 0.02109375 0.0984375
3 0.271875 0.6578125 0.021875 0.0984375
3 0.2484375 0.8234375 0.02578125 0.10234375
3 0.31953125 0.96328125 0.0234375 0.0734375
3 0.3546875 0.925 0.0296875 0.11015625
3 0.4046875 0.825 0.02421875 0.09140625
3 0.5578125 0.8734375 0.03203125 0.09296875
3 0.6265625 0.3609375 0.01953125 0.08671875
2 0.84375 0.53203125 0.01015625 0.01640625
2 0.68828125 0.2546875 0.01015625 0.015625