3 0.040625 0.5140625 0.040625 0.1359375
3 0.0984375 0.7625 0.040625 0.09921875
3 0.0875 0.86015625 0.046875 0.14296875
3 0.2171875 0.9625 0.04765625 0.03203125
3 0.225 0.815625 0.04609375 0.1390625
3 0.2265625 0.6390625 0.05 0.1296875
3 0.3296875 0.715625 0.04765625 0.1359375
2 0.334375 0.7671875 0.01484375 0.0359375
3 0.3640625 0.7734375 0.04296875 0.12734375
3 0.3859375 0.70546875 0.05 0.13984375
3 0.53359375 0.83125 0.04375 0.12734375
2 0.9734375 0.0640625 0.01484375 0.02265625
3 0.871875 0.2046875 0.0359375 0.096875
3 0.30625 0.9515625 0.0375 0.06796875