3 0.85546875 0.5875 0.06953125 0.2296875
3 0.33046875 0.09609375 0.05703125 0.1640625
3 0.38125 0.09375 0.04921875 0.16875
3 0.375 0.0796875 0.065625 0.1421875
3 0.4828125 0.1296875 0.05390625 0.17890625
3 0.49453125 0.0796875 0.0515625 0.159375
3 0.5953125 0.08046875 0.0484375 0.1609375
3 0.6375 0.04609375 0.06875 0.0921875
3 0.728125 0.0625 0.0703125 0.125
3 0.71171875 0.06875 0.0703125 0.1375
3 0.87421875 0.0703125 0.0859375 0.140625
3 0.9296875 0.0484375 0.059375 0.096875
3 0.95 0.0609375 0.025 0.121875