3 0.1640625 0.6078125 0.04921875 0.22265625
3 0.63671875 0.08125 0.04296875 0.15859375
3 0.58671875 0.08359375 0.034375 0.1640625
3 0.59140625 0.06953125 0.053125 0.13671875
3 0.48984375 0.12734375 0.0375 0.1734375
3 0.47265625 0.07890625 0.0375 0.1578125
3 0.375 0.08359375 0.0328125 0.1671875
3 0.3296875 0.05078125 0.05859375 0.1015625
3 0.2421875 0.07109375 0.05625 0.1421875
3 0.25859375 0.0765625 0.0546875 0.153125
3 0.1 0.08515625 0.06953125 0.1703125
3 0.0375 0.06875 0.05390625 0.1328125
3 0.0171875 0.08046875 0.02265625 0.1609375