3 0.8765625 0.67421875 0.0703125 0.19453125
3 0.2953125 0.0734375 0.04296875 0.121875
3 0.3125 0.103125 0.04453125 0.16484375
3 0.3796875 0.1015625 0.0640625 0.16796875
3 0.4703125 0.1140625 0.0390625 0.15390625
3 0.484375 0.08359375 0.05078125 0.16640625
3 0.59296875 0.075 0.0390625 0.14921875
3 0.62890625 0.08125 0.0359375 0.1625
3 0.60078125 0.0015625 0.0453125 0.003125
3 0.69453125 0.075 0.0421875 0.15
3 0.7375 0.0703125 0.046875 0.13984375
3 0.78984375 0.07109375 0.0734375 0.1421875
3 0.91484375 0.0578125 0.0515625 0.115625