3 0.29375 0.94609375 0.0375 0.1078125
3 0.1640625 0.68828125 0.04453125 0.14609375
3 0.12578125 0.5765625 0.04921875 0.125
3 0.31015625 0.715625 0.03515625 0.14140625
3 0.334375 0.6328125 0.03671875 0.146875
3 0.3953125 0.753125 0.040625 0.14140625
3 0.0359375 0.234375 0.034375 0.11328125
3 0.2734375 0.30390625 0.03828125 0.134375
3 0.36640625 0.2546875 0.03828125 0.13671875
3 0.4953125 0.459375 0.0359375 0.12734375
3 0.36875 0.48671875 0.0359375 0.134375
3 0.871875 0.584375 0.04375 0.134375
3 0.75625 0.19375 0.03359375 0.11171875
3 0.8015625 0.0359375 0.0328125 0.07109375