3 0.92109375 0.49453125 0.0171875 0.06171875
3 0.8359375 0.9734375 0.02109375 0.05234375
3 0.7953125 0.9671875 0.02421875 0.065625
3 0.9484375 0.73203125 0.025 0.07734375
3 0.80234375 0.67578125 0.01875 0.0578125
3 0.671875 0.68046875 0.0203125 0.07578125
3 0.653125 0.684375 0.0296875 0.071875
2 0.609375 0.5375 0.01171875 0.01796875
3 0.4953125 0.746875 0.021875 0.07265625
3 0.5109375 0.74453125 0.02265625 0.07421875
3 0.440625 0.946875 0.02578125 0.08671875
3 0.50078125 0.83359375 0.02734375 0.075
3 0.53984375 0.9484375 0.0203125 0.07265625
3 0.1796875 0.86484375 0.02265625 0.08125
3 0.74296875 0.8765625 0.02265625 0.07734375