3 0.93125 0.48046875 0.01640625 0.06328125
3 0.86953125 0.971875 0.0203125 0.04296875
3 0.828125 0.9671875 0.0234375 0.0546875
3 0.971875 0.7234375 0.02421875 0.07890625
3 0.81875 0.6734375 0.01796875 0.05859375
3 0.6859375 0.684375 0.01953125 0.07734375
3 0.6671875 0.68984375 0.0296875 0.0734375
2 0.6140625 0.540625 0.0109375 0.01875
3 0.50859375 0.7625 0.02109375 0.07421875
3 0.525 0.759375 0.021875 0.07578125
3 0.4625 0.9625 0.02421875 0.07421875
3 0.51875 0.8515625 0.02734375 0.0765625
3 0.5640625 0.9625 0.01875 0.071875
3 0.19140625 0.9 0.02109375 0.0828125
3 0.76875 0.8828125 0.021875 0.07890625