3 0.053125 0.97421875 0.03046875 0.0515625
3 0.103125 0.9921875 0.02890625 0.015625
3 0.15390625 0.834375 0.03125 0.0890625
3 0.1703125 0.878125 0.0375 0.09140625
3 0.19453125 0.93359375 0.03984375 0.09140625
3 0.3390625 0.98125 0.03359375 0.03671875
3 0.2 0.640625 0.0296875 0.0796875
2 0.3828125 0.65703125 0.0140625 0.0234375
3 0.36640625 0.7515625 0.02734375 0.0859375
3 0.5859375 0.7703125 0.02890625 0.078125
3 0.61171875 0.7828125 0.03515625 0.08515625
3 0.75390625 0.684375 0.03046875 0.0890625