3 0.91875 0.67109375 0.02734375 0.10859375
3 0.83671875 0.04453125 0.0234375 0.0671875
3 0.8890625 0.325 0.040625 0.090625
3 0.903125 0.4203125 0.02890625 0.084375
3 0.7609375 0.696875 0.02890625 0.10703125
3 0.7078125 0.6125 0.03046875 0.10078125
3 0.671875 0.38046875 0.0328125 0.078125
3 0.61640625 0.4859375 0.0296875 0.0984375
3 0.375 0.3609375 0.034375 0.084375
3 0.1359375 0.621875 0.02890625 0.10859375
3 0.23125 0.80234375 0.03359375 0.11484375
3 0.5984375 0.87109375 0.04140625 0.10546875
3 0.66875 0.94296875 0.040625 0.1140625