3 0.86875 0.30625 0.0328125 0.09375
3 0.73125 0.503125 0.0359375 0.109375
3 0.81875 0.69453125 0.03984375 0.125
3 0.765625 0.71171875 0.04453125 0.1078125
3 0.690625 0.928125 0.0484375 0.121875
3 0.64375 0.8953125 0.0328125 0.115625
3 0.575 0.86484375 0.04765625 0.1171875
3 0.509375 0.96015625 0.0375 0.0796875
3 0.48671875 0.7640625 0.0484375 0.1109375
3 0.41328125 0.55078125 0.04609375 0.12578125
3 0.190625 0.646875 0.0515625 0.1171875
2 0.1765625 0.684375 0.01484375 0.02265625
3 0.1421875 0.89375 0.059375 0.11171875