3 0.115625 0.215625 0.028125 0.1015625
3 0.25 0.440625 0.03125 0.11875
3 0.140625 0.64375 0.034375 0.13515625
3 0.196875 0.6671875 0.040625 0.11640625
3 0.2625 0.90859375 0.04375 0.13046875
3 0.315625 0.8765625 0.02734375 0.12578125
3 0.39375 0.8484375 0.04375 0.12578125
3 0.4578125 0.95703125 0.03515625 0.0859375
3 0.496875 0.74453125 0.0453125 0.11875
3 0.59375 0.51796875 0.04140625 0.13515625
3 0.828125 0.6390625 0.04765625 0.12578125
2 0.84140625 0.68203125 0.01484375 0.02421875
3 0.86328125 0.9140625 0.05703125 0.11875