3 0.95859375 0.56875 0.02890625 0.10703125
3 0.9265625 0.7171875 0.034375 0.10703125
3 0.81875 0.7078125 0.03515625 0.1
3 0.76796875 0.85625 0.03125 0.11875
3 0.61171875 0.59140625 0.03828125 0.1
3 0.7265625 0.91640625 0.03515625 0.1265625
3 0.596875 0.9171875 0.0375 0.11875
3 0.6109375 0.98125 0.03359375 0.03125
3 0.471875 0.80625 0.03203125 0.1046875
3 0.234375 0.525 0.021875 0.09453125
3 0.2171875 0.7515625 0.034375 0.11171875
2 0.334375 0.8328125 0.01953125 0.02734375
3 0.2328125 0.884375 0.034375 0.1046875
3 0.1234375 0.803125 0.04140625 0.1171875