3 0.9890625 0.71875 0.021875 0.10546875
3 0.928125 0.5609375 0.025 0.09296875
3 0.9 0.675 0.028125 0.115625
3 0.7296875 0.7484375 0.0296875 0.0984375
3 0.66875 0.8140625 0.021875 0.1125
3 0.5890625 0.8828125 0.0265625 0.125
3 0.5265625 0.98125 0.02890625 0.03671875
3 0.609375 0.665625 0.03125 0.09296875
3 0.5890625 0.56171875 0.0234375 0.1
2 0.40390625 0.615625 0.0171875 0.028125
3 0.50546875 0.70625 0.0359375 0.0984375
3 0.24609375 0.9375 0.03125 0.11796875
3 0.35234375 0.60546875 0.03515625 0.103125
3 0.2609375 0.584375 0.0296875 0.10546875
3 0.1734375 0.5375 0.025 0.0984375