3 0.84921875 0.809375 0.04609375 0.15
3 0.8328125 0.35 0.03984375 0.1296875
3 0.7234375 0.090625 0.03515625 0.10234375
2 0.6421875 0.2234375 0.015625 0.0328125
3 0.6234375 0.17578125 0.0390625 0.11484375
3 0.671875 0.55 0.03828125 0.13203125
3 0.6265625 0.3390625 0.0328125 0.11015625
3 0.4421875 0.38203125 0.0375 0.1125
3 0.47265625 0.653125 0.03671875 0.1296875
3 0.4359375 0.8515625 0.04453125 0.1453125
3 0.4265625 0.8265625 0.0359375 0.134375
3 0.21484375 0.659375 0.0375 0.1203125
3 0.21875 0.275 0.03359375 0.12265625
3 0.1078125 0.4546875 0.040625 0.125
3 0.08984375 0.3828125 0.0375 0.1171875