3 0.0171875 0.58125 0.034375 0.125
3 0.040625 0.8671875 0.04140625 0.13828125
3 0.215625 0.87265625 0.04609375 0.1484375
3 0.1828125 0.4203125 0.0390625 0.128125
3 0.265625 0.153125 0.03515625 0.1015625
2 0.3578125 0.275 0.015625 0.03203125
3 0.371875 0.2265625 0.03828125 0.1140625
3 0.3640625 0.6 0.03828125 0.13046875
3 0.3859375 0.3875 0.0328125 0.10859375
3 0.571875 0.4109375 0.03671875 0.1109375
3 0.5703125 0.68046875 0.03671875 0.128125
3 0.628125 0.8703125 0.04375 0.14296875
3 0.634375 0.8453125 0.03515625 0.1328125
3 0.82578125 0.66015625 0.0375 0.11875
3 0.78203125 0.2828125 0.03359375 0.12109375
3 0.9109375 0.4484375 0.040625 0.1234375
3 0.9203125 0.375 0.0375 0.115625