3 0.109375 0.2296875 0.0375 0.103125
3 0.021875 0.7140625 0.040625 0.11796875
3 0.0984375 0.9171875 0.040625 0.1265625
3 0.15625 0.5265625 0.03515625 0.1125
3 0.265625 0.56796875 0.0421875 0.096875
3 0.2875 0.4609375 0.03515625 0.103125
3 0.4234375 0.6265625 0.03359375 0.09609375
3 0.2796875 0.81796875 0.03359375 0.121875
3 0.45 0.9015625 0.03515625 0.1359375
3 0.4703125 0.94375 0.03828125 0.11171875
3 0.475 0.75625 0.0421875 0.121875
3 0.6359375 0.70078125 0.03046875 0.11015625
3 0.6375 0.525 0.03671875 0.11484375
3 0.796875 0.75234375 0.03671875 0.1171875
3 0.9015625 0.721875 0.03984375 0.12890625
3 0.9890625 0.43046875 0.02109375 0.0984375
2 0.6359375 0.5734375 0.01953125 0.03125