3 0.11171875 0.234375 0.0375 0.10390625
3 0.075 0.72890625 0.04140625 0.11796875
3 0.17421875 0.9296875 0.0421875 0.13203125
3 0.18984375 0.5265625 0.03515625 0.11328125
3 0.30390625 0.55703125 0.04296875 0.09765625
3 0.3140625 0.4484375 0.03515625 0.10390625
3 0.4671875 0.6 0.03359375 0.096875
3 0.34296875 0.80625 0.03359375 0.12265625
3 0.5234375 0.87109375 0.0359375 0.13671875
3 0.54921875 0.921875 0.0390625 0.1296875
3 0.5328125 0.7234375 0.04296875 0.12265625
3 0.6875 0.6515625 0.03046875 0.1109375
3 0.671875 0.475 0.0375 0.115625
3 0.8546875 0.6859375 0.0375 0.11796875
3 0.95625 0.64375 0.040625 0.1296875
2 0.67421875 0.5234375 0.01953125 0.03125