3 0.0140625 0.640625 0.028125 0.11328125
3 0.05 0.478125 0.0328125 0.09375
3 0.0640625 0.77421875 0.040625 0.10390625
3 0.1921875 0.91875 0.04296875 0.11328125
3 0.228125 0.6515625 0.0390625 0.1015625
3 0.2515625 0.8234375 0.04296875 0.11640625
3 0.2734375 0.9078125 0.05859375 0.1171875
3 0.44375 0.678125 0.0328125 0.09609375
3 0.49375 0.63125 0.034375 0.11328125
3 0.7203125 0.51875 0.034375 0.10078125
2 0.5921875 0.7421875 0.0234375 0.028125
3 0.6171875 0.99453125 0.03671875 0.0109375
3 0.7046875 0.9484375 0.0421875 0.10234375
3 0.7546875 0.8453125 0.04296875 0.12109375