3 0.98125 0.6859375 0.0375 0.11484375
3 0.9421875 0.5203125 0.03203125 0.09453125
3 0.9234375 0.81953125 0.0390625 0.10546875
3 0.7890625 0.94453125 0.0390625 0.075
3 0.759375 0.69296875 0.0375 0.10234375
3 0.7328125 0.865625 0.04140625 0.1171875
3 0.7078125 0.93984375 0.05546875 0.096875
3 0.540625 0.715625 0.03203125 0.096875
3 0.4921875 0.6671875 0.0328125 0.1140625
3 0.2640625 0.55 0.03359375 0.10234375
2 0.38984375 0.77734375 0.02265625 0.02734375
3 0.27109375 0.9671875 0.0375 0.065625
3 0.2234375 0.8796875 0.04140625 0.121875