3 0.0765625 0.4703125 0.03203125 0.09765625
3 0.0890625 0.5796875 0.028125 0.1
3 0.0359375 0.6875 0.03359375 0.0890625
3 0.1015625 0.784375 0.02890625 0.1171875
3 0.2296875 0.85625 0.03671875 0.09609375
3 0.2203125 0.7234375 0.03203125 0.10234375
3 0.26796875 0.7703125 0.02890625 0.1109375
3 0.31875 0.63984375 0.034375 0.09375
3 0.340625 0.56171875 0.02734375 0.07578125
3 0.3359375 0.85546875 0.03125 0.11328125
3 0.4765625 0.84453125 0.0453125 0.09453125
3 0.4609375 0.484375 0.03125 0.10234375
3 0.47265625 0.69296875 0.03671875 0.0890625
3 0.521875 0.7234375 0.0359375 0.09765625
3 0.534375 0.8453125 0.04296875 0.09609375
3 0.81484375 0.77421875 0.040625 0.10234375
3 0.7390625 0.39453125 0.03203125 0.1