3 0.0359375 0.4421875 0.03203125 0.1109375
3 0.0421875 0.56875 0.028125 0.11328125
3 0.040625 0.8015625 0.028125 0.1328125
3 0.1796875 0.89375 0.03828125 0.1078125
3 0.1796875 0.7421875 0.0328125 0.115625
3 0.23046875 0.7984375 0.02890625 0.12578125
3 0.29765625 0.6546875 0.03515625 0.10546875
3 0.328125 0.5671875 0.028125 0.0859375
3 0.3 0.9 0.03125 0.128125
3 0.459375 0.9 0.04765625 0.10625
3 0.4703125 0.48984375 0.03125 0.115625
3 0.4671875 0.72734375 0.03828125 0.10078125
3 0.5203125 0.765625 0.03671875 0.1109375
3 0.525 0.9046875 0.0453125 0.1078125
3 0.8484375 0.846875 0.0421875 0.115625
3 0.7921875 0.409375 0.0328125 0.11328125