3 0.1203125 0.8046875 0.0359375 0.1296875
3 0.05234375 0.1859375 0.03984375 0.1078125
3 0.053125 0.2109375 0.0484375 0.115625
3 0.1421875 0.484375 0.03359375 0.13203125
3 0.11875 0.6453125 0.0421875 0.1375
3 0.27890625 0.6 0.0375 0.11484375
3 0.25625 0.3890625 0.034375 0.0984375
3 0.35078125 0.20390625 0.03046875 0.11484375
3 0.3484375 0.4 0.03984375 0.1078125
3 0.328125 0.53515625 0.03984375 0.11484375
3 0.346875 0.56015625 0.0359375 0.11015625
2 0.3703125 0.5203125 0.01640625 0.0390625
3 0.3234375 0.709375 0.0421875 0.1375
3 0.52578125 0.4171875 0.03203125 0.125
3 0.55 0.48046875 0.03046875 0.125
3 0.69609375 0.525 0.034375 0.11484375