3 0.1109375 0.75625 0.0328125 0.125
3 0.03515625 0.159375 0.03671875 0.103125
3 0.03671875 0.184375 0.04453125 0.1109375
3 0.1265625 0.446875 0.0296875 0.1265625
3 0.10703125 0.6015625 0.0375 0.13125
3 0.2609375 0.55625 0.034375 0.1109375
3 0.2359375 0.35234375 0.03125 0.09375
3 0.3234375 0.171875 0.02734375 0.1109375
3 0.3234375 0.36171875 0.03671875 0.103125
3 0.30625 0.4921875 0.03671875 0.1109375
3 0.32578125 0.515625 0.0328125 0.10625
2 0.34765625 0.4765625 0.015625 0.0375
3 0.3046875 0.6609375 0.0375 0.13125
3 0.4953125 0.375 0.02890625 0.1203125
3 0.51953125 0.4359375 0.02734375 0.1203125
3 0.6609375 0.47578125 0.03125 0.1109375