3 0.7015625 0.6140625 0.0421875 0.12890625
3 0.4984375 0.53125 0.03828125 0.13515625
3 0.5109375 0.82890625 0.046875 0.13046875
3 0.3890625 0.853125 0.05546875 0.15546875
2 0.2609375 0.83828125 0.01796875 0.02265625
3 0.2828125 0.7015625 0.03984375 0.11953125
3 0.26875 0.68046875 0.03671875 0.14140625
3 0.23671875 0.7296875 0.05 0.13984375
3 0.10625 0.3171875 0.03671875 0.121875
3 0.1375 0.8234375 0.05390625 0.09453125
3 0.09375 0.80625 0.04375 0.13046875
3 0.01640625 0.5375 0.0328125 0.12734375