3 0.55390625 0.99140625 0.0453125 0.0171875
3 0.40546875 0.51875 0.03359375 0.13125
3 0.521875 0.675 0.03671875 0.1375
3 0.64453125 0.68125 0.03671875 0.12890625
3 0.66953125 0.52578125 0.0390625 0.13984375
3 0.6359375 0.3296875 0.0296875 0.13984375
3 0.80234375 0.42734375 0.03203125 0.13671875
3 0.84140625 0.4515625 0.0296875 0.12265625
3 0.8203125 0.78828125 0.03671875 0.115625
3 0.84765625 0.97734375 0.0421875 0.0453125
3 0.86796875 0.9578125 0.0328125 0.08359375
3 0.903125 0.85703125 0.040625 0.13125
3 0.9265625 0.8390625 0.03671875 0.15
3 0.9625 0.05703125 0.0296875 0.1140625