3 0.50625 0.38515625 0.03125 0.103125
3 0.3515625 0.425 0.0375 0.11171875
3 0.259375 0.209375 0.03046875 0.11171875
3 0.23125 0.284375 0.0328125 0.1046875
3 0.15234375 0.2015625 0.02890625 0.1046875
3 0.11484375 0.278125 0.02734375 0.09140625
3 0.02734375 0.240625 0.0296875 0.09609375
3 0.2953125 0.64296875 0.04296875 0.11640625
3 0.0890625 0.734375 0.0421875 0.128125
3 0.09140625 0.80078125 0.03828125 0.134375
3 0.275 0.98203125 0.05390625 0.02265625
3 0.01875 0.97421875 0.0375 0.0203125
3 0.00625 0.78203125 0.0125 0.1046875