3 0.5046875 0.3828125 0.0296875 0.096875
3 0.3609375 0.43046875 0.0359375 0.10546875
3 0.259375 0.23359375 0.02890625 0.10546875
3 0.2375 0.30625 0.03046875 0.09921875
3 0.1578125 0.234375 0.02734375 0.0984375
3 0.1265625 0.3078125 0.02578125 0.0859375
3 0.04140625 0.278125 0.028125 0.090625
3 0.32109375 0.6390625 0.040625 0.11015625
3 0.1328125 0.7390625 0.03984375 0.12109375
3 0.1390625 0.8015625 0.03671875 0.1265625
3 0.32421875 0.97421875 0.0515625 0.0515625
3 0.08125 0.9796875 0.04140625 0.03984375
3 0.01640625 0.9328125 0.0078125 0.1234375
3 0.0453125 0.7921875 0.034375 0.09921875