3 0.8109375 0.91171875 0.03359375 0.11484375
3 0.7421875 0.74375 0.034375 0.11875
2 0.75078125 0.7875 0.01875 0.028125
3 0.64296875 0.68984375 0.0453125 0.1125
3 0.46875 0.79921875 0.03203125 0.1265625
3 0.5109375 0.94765625 0.0375 0.1046875
3 0.41875 0.93203125 0.0328125 0.11875
3 0.3453125 0.809375 0.028125 0.11875
3 0.3390625 0.71875 0.0359375 0.11640625
3 0.196875 0.69609375 0.02734375 0.11640625
3 0.18125 0.8140625 0.0328125 0.0984375
3 0.09921875 0.66953125 0.028125 0.11640625
3 0.08671875 0.63671875 0.028125 0.1078125