3 0.784375 0.90078125 0.05078125 0.13359375
3 0.75703125 0.8328125 0.05234375 0.13203125
3 0.73046875 0.725 0.04375 0.1203125
3 0.6953125 0.76875 0.053125 0.1328125
2 0.4265625 0.4796875 0.02265625 0.02421875
3 0.46875 0.871875 0.0484375 0.134375
3 0.50234375 0.95859375 0.0390625 0.0828125
3 0.4046875 0.5875 0.04375 0.11875
3 0.3515625 0.765625 0.040625 0.11796875
3 0.2921875 0.78125 0.046875 0.140625
3 0.17890625 0.6265625 0.03984375 0.115625
3 0.165625 0.5796875 0.0375 0.121875
3 0.1296875 0.4890625 0.0375 0.11796875
3 0.046875 0.4609375 0.0453125 0.0984375