2 0.79609375 0.884375 0.0171875 0.0296875
3 0.8296875 0.8375 0.04609375 0.1234375
3 0.790625 0.76875 0.04609375 0.12109375
3 0.7515625 0.8 0.0484375 0.1140625
3 0.7 0.721875 0.05 0.1359375
3 0.66015625 0.8203125 0.05234375 0.12890625
3 0.64375 0.91875 0.0484375 0.13359375
3 0.578125 0.659375 0.03984375 0.11328125
3 0.4921875 0.5328125 0.03515625 0.12578125
3 0.4796875 0.725 0.0390625 0.1109375
3 0.4 0.9671875 0.0578125 0.06484375
3 0.2171875 0.9078125 0.0515625 0.14296875
3 0.17265625 0.775 0.040625 0.1234375
3 0.11796875 0.48828125 0.03671875 0.13046875