2 0.8078125 0.9046875 0.01796875 0.03125
3 0.84375 0.8578125 0.0484375 0.128125
3 0.8015625 0.7859375 0.04765625 0.12578125
3 0.76171875 0.8171875 0.05 0.11796875
3 0.7078125 0.73671875 0.0515625 0.140625
3 0.6671875 0.8390625 0.05390625 0.13359375
3 0.64921875 0.93125 0.04921875 0.1203125
3 0.58125 0.67109375 0.04140625 0.11796875
3 0.4921875 0.540625 0.03671875 0.13046875
3 0.4796875 0.740625 0.040625 0.115625
3 0.39453125 0.97890625 0.0578125 0.0421875
3 0.2046875 0.92734375 0.053125 0.1453125
3 0.16015625 0.7921875 0.0421875 0.128125
3 0.103125 0.49375 0.03828125 0.13515625