3 0.8921875 0.1359375 0.034375 0.11484375
3 0.8328125 0.1015625 0.0421875 0.1078125
3 0.8078125 0.1359375 0.03828125 0.109375
3 0.8203125 0.1984375 0.03515625 0.11328125
3 0.8140625 0.45625 0.04375 0.14140625
3 0.6359375 0.05 0.0453125 0.09921875
3 0.74765625 0.6890625 0.0328125 0.16796875
3 0.625 0.4828125 0.03671875 0.13125
3 0.5515625 0.1640625 0.0453125 0.11953125
3 0.55546875 0.47890625 0.03984375 0.13671875
3 0.41875 0.6 0.04296875 0.1453125
3 0.3453125 0.5359375 0.04375 0.1375
3 0.2375 0.7515625 0.04765625 0.1609375