3 0.0171875 0.8078125 0.0328125 0.11171875
3 0.0078125 0.546875 0.01484375 0.10078125
3 0.1484375 0.6828125 0.02734375 0.11484375
3 0.18359375 0.59609375 0.028125 0.10390625
3 0.20625 0.8375 0.03359375 0.11953125
3 0.1578125 0.9359375 0.04140625 0.10703125
3 0.18515625 0.925 0.03203125 0.10390625
3 0.4765625 0.9671875 0.03203125 0.06484375
3 0.4671875 0.8296875 0.03203125 0.1078125
3 0.534375 0.8421875 0.03671875 0.10234375
2 0.57578125 0.7703125 0.01640625 0.01953125
3 0.81015625 0.37890625 0.03125 0.09453125