3 0.925 0.41875 0.03515625 0.11328125
3 0.8 0.4234375 0.03046875 0.11328125
3 0.76015625 0.525 0.03046875 0.115625
3 0.7140625 0.4203125 0.028125 0.103125
3 0.56875 0.528125 0.0265625 0.10234375
3 0.55 0.52421875 0.03046875 0.10703125
3 0.8203125 0.721875 0.0328125 0.109375
3 0.996875 0.96015625 0.00625 0.0453125
3 0.56171875 0.8734375 0.03125 0.13203125
3 0.45859375 0.98359375 0.0421875 0.0328125
3 0.3671875 0.746875 0.034375 0.115625
3 0.3265625 0.7046875 0.03046875 0.1109375
3 0.32265625 0.7625 0.0296875 0.1234375
3 0.2296875 0.7859375 0.03515625 0.1171875
2 0.21484375 0.80625 0.01484375 0.03203125
3 0.32265625 0.36484375 0.0375 0.11328125