3 0.92890625 0.4671875 0.03359375 0.1140625
3 0.803125 0.465625 0.02890625 0.1140625
3 0.75703125 0.56640625 0.02890625 0.11640625
3 0.7171875 0.4578125 0.0265625 0.10390625
3 0.56328125 0.55859375 0.025 0.10390625
3 0.5453125 0.55390625 0.02890625 0.1078125
3 0.8078125 0.76796875 0.03125 0.11015625
3 0.5390625 0.9078125 0.02890625 0.1328125
3 0.3484375 0.76875 0.0328125 0.11640625
3 0.31015625 0.725 0.02890625 0.11171875
3 0.303125 0.7828125 0.028125 0.125
3 0.2078125 0.8015625 0.03359375 0.11875
2 0.1921875 0.82109375 0.01484375 0.03203125
3 0.32421875 0.38125 0.0359375 0.1140625