3 0.06328125 0.57421875 0.02734375 0.11640625
3 0.1875 0.5671875 0.0296875 0.12109375
3 0.23125 0.69296875 0.02734375 0.1234375
3 0.2828125 0.5703125 0.03125 0.11640625
3 0.409375 0.671875 0.0296875 0.1125
3 0.43203125 0.66875 0.0296875 0.1078125
3 0.209375 0.90625 0.0453125 0.11875
3 0.66875 0.4953125 0.02890625 0.11484375
3 0.6453125 0.89375 0.03125 0.12109375
3 0.69453125 0.89765625 0.03359375 0.1359375
3 0.68203125 0.9375 0.02890625 0.11875
3 0.8359375 0.92109375 0.046875 0.12734375
2 0.846875 0.9046875 0.01484375 0.03046875