3 0.9671875 0.559375 0.02734375 0.11796875
3 0.8421875 0.55703125 0.0296875 0.12265625
3 0.8015625 0.6859375 0.02734375 0.125
3 0.74609375 0.56328125 0.03125 0.11796875
3 0.621875 0.6703125 0.0296875 0.1140625
3 0.5984375 0.66875 0.0296875 0.109375
3 0.83125 0.9 0.04609375 0.1203125
3 0.353125 0.5015625 0.02890625 0.11640625
3 0.390625 0.903125 0.03125 0.12265625
3 0.340625 0.909375 0.034375 0.1375
3 0.3546875 0.94453125 0.02890625 0.1109375
3 0.19921875 0.93671875 0.046875 0.1265625
2 0.1875 0.921875 0.01484375 0.03046875