3 0.85546875 0.5671875 0.025 0.10625
3 0.7421875 0.5609375 0.02734375 0.1109375
3 0.70234375 0.675 0.025 0.1125
3 0.6546875 0.56328125 0.028125 0.10625
3 0.5390625 0.65625 0.02734375 0.10234375
3 0.51875 0.653125 0.02734375 0.0984375
3 0.721875 0.8703125 0.04140625 0.10859375
3 0.4859375 0.98515625 0.03359375 0.0296875
3 0.3015625 0.4953125 0.02578125 0.1046875
3 0.3234375 0.8578125 0.028125 0.1109375
3 0.278125 0.8625 0.03046875 0.12421875
3 0.2890625 0.90625 0.02734375 0.1203125
3 0.1484375 0.88359375 0.04296875 0.11640625
2 0.13828125 0.86875 0.0140625 0.02734375