3 0.003125 0.38203125 0.00625 0.1140625
3 0.1953125 0.39375 0.0375 0.10625
3 0.034375 0.640625 0.03203125 0.1265625
3 0.046875 0.57421875 0.03359375 0.1265625
3 0.140625 0.6 0.0296875 0.11015625
3 0.18125 0.6046875 0.03125 0.14296875
2 0.1875 0.70625 0.0140625 0.02734375
3 0.06875 0.89375 0.03671875 0.13046875
3 0.21484375 0.79140625 0.03515625 0.13671875
3 0.2546875 0.7703125 0.034375 0.12421875
3 0.36328125 0.5328125 0.034375 0.11640625
3 0.40625 0.41875 0.02734375 0.1140625
3 0.4046875 0.8953125 0.0375 0.14140625
3 0.59296875 0.878125 0.03671875 0.1328125
3 0.6390625 0.81875 0.03359375 0.12890625
3 0.8109375 0.315625 0.02734375 0.11875
3 0.84140625 0.80625 0.04375 0.1265625