3 0.0078125 0.4265625 0.015625 0.12734375
3 0.01015625 0.36484375 0.0203125 0.125
3 0.2203125 0.3640625 0.04609375 0.115625
3 0.0609375 0.6390625 0.0421875 0.1375
3 0.0703125 0.5671875 0.04296875 0.1375
3 0.17265625 0.5890625 0.0375 0.11953125
3 0.215625 0.5921875 0.04140625 0.15546875
2 0.22890625 0.70078125 0.0171875 0.0296875
3 0.1125 0.909375 0.046875 0.1421875
3 0.2625 0.790625 0.0453125 0.14921875
3 0.3046875 0.765625 0.04375 0.1359375
3 0.4078125 0.5046875 0.04375 0.1265625
3 0.446875 0.3796875 0.0359375 0.12421875
3 0.471875 0.8921875 0.04765625 0.153125
3 0.6734375 0.8625 0.046875 0.14453125
3 0.71953125 0.796875 0.04296875 0.13984375
3 0.875 0.2453125 0.0359375 0.128125
3 0.9359375 0.771875 0.05390625 0.13828125