3 0.03671875 0.62734375 0.05078125 0.12734375
3 0.1375 0.45078125 0.0265625 0.109375
3 0.01484375 0.934375 0.0296875 0.13046875
3 0.1265625 0.75546875 0.034375 0.125
3 0.1546875 0.6828125 0.03046875 0.12109375
3 0.2609375 0.77265625 0.04296875 0.11328125
3 0.1859375 0.5859375 0.02578125 0.109375
3 0.4484375 0.5078125 0.02734375 0.12109375
3 0.49921875 0.625 0.03828125 0.109375
3 0.39921875 0.92890625 0.0296875 0.1421875
3 0.475 0.90859375 0.03203125 0.13125
3 0.71875 0.82734375 0.03984375 0.12890625
3 0.73125 0.778125 0.034375 0.13515625
3 0.86640625 0.3859375 0.02421875 0.115625