3 0.99375 0.7484375 0.01171875 0.13125
3 0.93984375 0.49140625 0.034375 0.11171875
3 0.95390625 0.59765625 0.034375 0.1296875
3 0.9734375 0.69609375 0.04375 0.12578125
3 0.8703125 0.7421875 0.046875 0.11953125
3 0.796875 0.6453125 0.05234375 0.1125
3 0.834375 0.93125 0.04765625 0.10546875
3 0.79921875 0.8859375 0.05390625 0.1328125
3 0.83125 0.221875 0.03671875 0.1140625
3 0.78984375 0.4234375 0.0328125 0.11015625
3 0.6875 0.6203125 0.0375 0.103125
2 0.67109375 0.665625 0.01875 0.03203125
3 0.478125 0.475 0.0375 0.1234375
3 0.4890625 0.99375 0.04609375 0.0125
3 0.428125 0.9828125 0.04375 0.03359375
3 0.19375 0.7359375 0.0359375 0.1234375