3 0.9921875 0.7453125 0.01484375 0.1296875
3 0.9375 0.49140625 0.03359375 0.1109375
3 0.95078125 0.59609375 0.03359375 0.128125
3 0.9703125 0.69375 0.04296875 0.12421875
3 0.86796875 0.7390625 0.04609375 0.11796875
3 0.7953125 0.64375 0.05234375 0.11171875
3 0.8328125 0.9296875 0.04765625 0.11015625
3 0.79765625 0.88125 0.053125 0.13125
3 0.8296875 0.225 0.0359375 0.11328125
3 0.78828125 0.4234375 0.0328125 0.10859375
3 0.6875 0.61875 0.03671875 0.10234375
2 0.6703125 0.66328125 0.01875 0.03125
3 0.4796875 0.475 0.03671875 0.121875
3 0.490625 0.990625 0.04609375 0.01796875
3 0.4296875 0.98046875 0.04375 0.0390625
3 0.1984375 0.7328125 0.0359375 0.121875