3 0.0296875 0.8515625 0.0203125 0.128125
3 0.0546875 0.5953125 0.03515625 0.11015625
3 0.05390625 0.7 0.03515625 0.1265625
3 0.04609375 0.7984375 0.04453125 0.1234375
3 0.15234375 0.83046875 0.04765625 0.1171875
3 0.2125 0.728125 0.05390625 0.1109375
3 0.20859375 0.97890625 0.0453125 0.0421875
3 0.23671875 0.946875 0.0546875 0.10625
3 0.128125 0.3203125 0.0375 0.11171875
3 0.1921875 0.5109375 0.03359375 0.1078125
3 0.315625 0.690625 0.03828125 0.1015625
2 0.3375 0.7328125 0.01875 0.03125
3 0.5015625 0.525 0.03828125 0.1203125
3 0.809375 0.74375 0.0375 0.1203125