3 0.903125 0.67578125 0.03515625 0.12578125
3 0.7421875 0.5765625 0.03203125 0.11953125
3 0.26796875 0.97265625 0.0546875 0.0546875
3 0.8171875 0.4625 0.034375 0.10859375
3 0.7078125 0.70625 0.03046875 0.12421875
3 0.88671875 0.7625 0.02890625 0.1109375
3 0.63984375 0.7484375 0.04375 0.11796875
3 0.65234375 0.915625 0.0359375 0.14453125
3 0.09609375 0.8390625 0.0390625 0.11171875
3 0.7 0.86953125 0.03984375 0.11953125
3 0.3109375 0.61640625 0.0640625 0.10703125
3 0.8109375 0.940625 0.04296875 0.10859375
3 0.98046875 0.203125 0.03046875 0.10546875
2 0.23203125 0.634375 0.01875 0.02578125