3 0.0515625 0.95703125 0.034375 0.0859375
3 0.8921875 0.6328125 0.04296875 0.1140625
3 0.65078125 0.4546875 0.0359375 0.115625
3 0.81171875 0.89375 0.0484375 0.13828125
3 0.09921875 0.36953125 0.0390625 0.10234375
3 0.5515625 0.6203125 0.046875 0.11640625
3 0.690625 0.8828125 0.04375 0.125
3 0.98984375 0.4140625 0.01796875 0.10078125
3 0.72421875 0.921875 0.04140625 0.121875
3 0.4796875 0.971875 0.028125 0.05625
3 0.503125 0.9484375 0.03984375 0.103125
3 0.46171875 0.97578125 0.0296875 0.0484375