3 0.73125 0.95625 0.046875 0.0796875
3 0.9203125 0.8703125 0.03828125 0.13359375
3 0.09375 0.6203125 0.0328125 0.10546875
3 0.52421875 0.99765625 0.0296875 0.0046875
3 0.3015625 0.43046875 0.0265625 0.1078125
3 0.19375 0.85703125 0.03671875 0.128125
3 0.8078125 0.296875 0.0296875 0.09453125
3 0.409375 0.57578125 0.0359375 0.10703125
3 0.30625 0.83515625 0.03359375 0.115625
3 0.2796875 0.8875 0.03046875 0.13359375
3 0.5140625 0.928125 0.025 0.11015625
3 0.4875 0.8859375 0.03203125 0.10859375
3 0.53046875 0.93125 0.02578125 0.10078125
2 0.90625 0.909375 0.01640625 0.01953125