3 0.0234375 0.92734375 0.0421875 0.1140625
3 0.8796875 0.69921875 0.0359375 0.10859375
3 0.66875 0.5 0.02890625 0.1109375
3 0.77109375 0.93671875 0.0390625 0.1265625
3 0.1484375 0.353125 0.03203125 0.09765625
3 0.5546875 0.646875 0.0390625 0.11171875
3 0.65625 0.9171875 0.0359375 0.11953125
3 0.99609375 0.5 0.0078125 0.096875
3 0.684375 0.95 0.03359375 0.1
3 0.4421875 0.975 0.02421875 0.04765625
3 0.46875 0.95390625 0.0328125 0.09140625
3 0.425 0.97734375 0.02578125 0.04140625
2 0.0375 0.978125 0.01796875 0.01328125