3 0.36640625 0.6921875 0.03125 0.115625
3 0.371875 0.89375 0.02578125 0.1015625
3 0.3828125 0.996875 0.040625 0.00546875
3 0.240625 0.99296875 0.034375 0.0140625
3 0.221875 0.4984375 0.021875 0.09609375
3 0.7421875 0.8703125 0.03046875 0.121875
3 0.46875 0.65 0.040625 0.09296875
3 0.1 0.93984375 0.02890625 0.11953125
3 0.6453125 0.3734375 0.02265625 0.0796875
3 0.0578125 0.9234375 0.03515625 0.1046875
3 0.06484375 0.96796875 0.0296875 0.0640625
3 0.69296875 0.97578125 0.0296875 0.0484375
3 0.68125 0.91796875 0.03984375 0.1203125
2 0.459375 0.68125 0.015625 0.0296875