3 0.60546875 0.70625 0.03125 0.109375
3 0.66328125 0.865625 0.03515625 0.10234375
3 0.6859375 0.671875 0.03125 0.1109375
3 0.2328125 0.946875 0.03359375 0.0984375
3 0.95234375 0.99375 0.0265625 0.0125
3 0.8203125 0.5671875 0.028125 0.10625
3 0.81875 0.9921875 0.03515625 0.01484375
3 0.2453125 0.38671875 0.02265625 0.08359375
3 0.365625 0.96953125 0.034375 0.05625
3 0.4015625 0.98125 0.03359375 0.034375
3 0.925 0.8953125 0.03125 0.10546875
3 0.8328125 0.971875 0.02421875 0.05625
3 0.834375 0.9546875 0.028125 0.06640625