3 0.1265625 0.72265625 0.0265625 0.12265625
3 0.478125 0.89296875 0.04609375 0.12890625
3 0.36328125 0.9578125 0.0421875 0.08359375
3 0.33046875 0.590625 0.0234375 0.1078125
3 0.053125 0.8796875 0.02421875 0.11484375
3 0.44375 0.9953125 0.0375 0.00859375
3 0.28125 0.81875 0.0421875 0.09765625
3 0.53125 0.99296875 0.046875 0.0140625
3 0.10546875 0.959375 0.0296875 0.08046875
3 0.13671875 0.95546875 0.0296875 0.0890625
3 0.0859375 0.034375 0.0296875 0.065625
3 0.9265625 0.3484375 0.02265625 0.09453125
3 0.084375 0.615625 0.0265625 0.10625