3 0.80625 0.878125 0.03671875 0.11171875
3 0.99453125 0.78828125 0.0109375 0.1203125
3 0.83828125 0.9421875 0.03671875 0.06171875
3 0.6421875 0.8171875 0.04296875 0.1359375
3 0.3046875 0.95 0.04453125 0.1
3 0.571875 0.940625 0.03828125 0.1125
3 0.90546875 0.9171875 0.04140625 0.1015625
3 0.7515625 0.6171875 0.03671875 0.1203125
3 0.1734375 0.284375 0.0328125 0.11015625
3 0.9171875 0.7171875 0.04453125 0.12265625
3 0.690625 0.959375 0.05625 0.05546875
3 0.721875 0.86484375 0.04140625 0.10859375
3 0.72578125 0.934375 0.04296875 0.0984375