3 0.32421875 0.928125 0.0359375 0.1125
3 0.63984375 0.840625 0.040625 0.128125
3 0.75625 0.7765625 0.04453125 0.13203125
3 0.94375 0.7828125 0.04765625 0.1328125
3 0.15078125 0.1890625 0.03515625 0.115625
3 0.7734375 0.890625 0.046875 0.1390625
3 0.821875 0.8875 0.0515625 0.12890625
3 0.59453125 0.95078125 0.0453125 0.0984375
3 0.8890625 0.99140625 0.040625 0.0171875
3 0.71953125 0.94296875 0.0515625 0.1140625
3 0.659375 0.9796875 0.03203125 0.040625
3 0.63828125 0.93828125 0.040625 0.1234375
2 0.75703125 0.87578125 0.0171875 0.03046875
3 0.7 0.959375 0.03828125 0.08046875
3 0.675 0.96015625 0.03828125 0.0796875