3 0.5640625 0.96328125 0.02890625 0.0734375
3 0.275 0.84375 0.03515625 0.12421875
3 0.175 0.7625 0.0390625 0.128125
3 0.00703125 0.7328125 0.0140625 0.128125
3 0.85390625 0.3 0.03046875 0.1125
3 0.1390625 0.86875 0.04140625 0.13515625
3 0.0921875 0.85703125 0.04609375 0.125
3 0.29921875 0.94921875 0.0390625 0.078125
3 0.0125 0.953125 0.025 0.02890625
3 0.18125 0.9265625 0.04453125 0.1078125
3 0.2328125 0.96875 0.02734375 0.02890625
3 0.2578125 0.9296875 0.034375 0.11015625
2 0.15625 0.8578125 0.015625 0.02890625
3 0.196875 0.9453125 0.03203125 0.07109375
3 0.21953125 0.9484375 0.03125 0.06796875