3 0.0296875 0.7359375 0.0296875 0.11953125
3 0.009375 0.9578125 0.01875 0.08359375
3 0.01484375 0.9859375 0.0296875 0.028125
3 0.06640625 0.99296875 0.0296875 0.0140625
3 0.11015625 0.909375 0.03046875 0.13359375
3 0.1203125 0.81640625 0.025 0.12421875
3 0.17578125 0.9609375 0.0296875 0.078125
3 0.1890625 0.934375 0.028125 0.13046875
3 0.22421875 0.853125 0.0328125 0.11484375
3 0.25625 0.8703125 0.025 0.1015625
3 0.2453125 0.903125 0.0234375 0.12421875
3 0.2609375 0.96484375 0.034375 0.0703125
2 0.2625 0.921875 0.0125 0.028125
3 0.2828125 0.884375 0.02421875 0.09609375
3 0.29453125 0.9359375 0.03515625 0.08671875
3 0.303125 0.87265625 0.025 0.0828125
3 0.45078125 0.9015625 0.0296875 0.11484375
3 0.80859375 0.2640625 0.01875 0.1125