3 0.03046875 0.9859375 0.0234375 0.028125
3 0.05 0.95078125 0.03125 0.0984375
3 0.0859375 0.99296875 0.028125 0.0140625
3 0.1046875 0.6234375 0.02421875 0.1234375
3 0.234375 0.8953125 0.0234375 0.115625
3 0.2765625 0.8640625 0.02734375 0.125
3 0.34453125 0.94453125 0.0359375 0.1109375
3 0.3625 0.95546875 0.028125 0.0890625
3 0.3484375 0.996875 0.034375 0.00546875
3 0.4390625 0.8640625 0.03828125 0.05703125
3 0.4328125 0.934375 0.0296875 0.12109375
3 0.4515625 0.9234375 0.02265625 0.12109375
3 0.4625 0.90859375 0.02421875 0.12734375
3 0.4734375 0.921875 0.02734375 0.1234375
3 0.4828125 0.903125 0.025 0.11953125
3 0.4625 0.81484375 0.02109375 0.08828125
3 0.98359375 0.24296875 0.025 0.1078125