3 0.01796875 0.80234375 0.03203125 0.12421875
3 0.046875 0.75859375 0.05078125 0.15078125
3 0.2125 0.9875 0.0375 0.025
3 0.0609375 0.39765625 0.02890625 0.13515625
3 0.4375 0.6296875 0.034375 0.140625
3 0.36171875 0.94296875 0.0359375 0.1140625
3 0.40625 0.971875 0.028125 0.05546875
3 0.41875 0.95078125 0.0375 0.0984375
3 0.49140625 0.95078125 0.0390625 0.0984375
3 0.51875 0.97578125 0.040625 0.0484375
3 0.503125 0.8828125 0.034375 0.10625
3 0.534375 0.90859375 0.03671875 0.140625
3 0.52890625 0.8203125 0.03359375 0.10625
3 0.5609375 0.85546875 0.025 0.153125