3 0.3859375 0.909375 0.03359375 0.09765625
3 0.46796875 0.665625 0.03203125 0.0890625
3 0.52421875 0.60234375 0.0328125 0.09375
3 0.6171875 0.70625 0.03984375 0.09375
3 0.74375 0.56875 0.02265625 0.0890625
3 0.775 0.61328125 0.02734375 0.084375
3 0.7546875 0.703125 0.028125 0.0828125
3 0.6875 0.9421875 0.03671875 0.08984375
3 0.93125 0.3578125 0.0359375 0.0703125
3 0.928125 0.5765625 0.03359375 0.09375
3 0.96640625 0.709375 0.0359375 0.08515625
3 0.9890625 0.68671875 0.0078125 0.08515625
3 0.9734375 0.8875 0.01875 0.10234375