3 0.04296875 0.2421875 0.03125 0.13984375
3 0.040625 0.6125 0.0484375 0.15625
3 0.075 0.53828125 0.0359375 0.13515625
3 0.246875 0.678125 0.0390625 0.14609375
3 0.315625 0.5109375 0.034375 0.15625
3 0.2296875 0.8265625 0.04375 0.09921875
3 0.2328125 0.903125 0.0359375 0.16484375
3 0.31171875 0.865625 0.04375 0.1609375
3 0.403125 0.6953125 0.034375 0.1671875
3 0.4359375 0.78203125 0.0359375 0.15390625
3 0.47265625 0.78125 0.03828125 0.15625
3 0.5421875 0.759375 0.0359375 0.175
3 0.59609375 0.934375 0.0453125 0.13046875
3 0.4859375 0.9625 0.040625 0.075