3 0.1484375 0.328125 0.028125 0.07421875
3 0.08125 0.6328125 0.0265625 0.0890625
3 0.13046875 0.628125 0.02734375 0.0828125
3 0.04921875 0.7859375 0.0296875 0.1
3 0.10625 0.8109375 0.03203125 0.09375
3 0.23125 0.775 0.0328125 0.0875
3 0.16796875 0.95 0.03125 0.06875
3 0.22734375 0.9375 0.0328125 0.08046875
3 0.38125 0.709375 0.02734375 0.09609375
3 0.46953125 0.7796875 0.028125 0.0984375
3 0.640625 0.82734375 0.03359375 0.10078125
3 0.94453125 0.90625 0.03125 0.11171875
3 0.953125 0.696875 0.0234375 0.10234375