3 0.08359375 0.7796875 0.0390625 0.1328125
3 0.1265625 0.56640625 0.03359375 0.109375
3 0.2296875 0.5234375 0.028125 0.1171875
3 0.29921875 0.6375 0.0390625 0.109375
3 0.33359375 0.6109375 0.03203125 0.13046875
3 0.30625 0.7890625 0.03359375 0.1359375
3 0.4 0.915625 0.03671875 0.1328125
2 0.390625 0.81875 0.01875 0.02890625
3 0.540625 0.6875 0.0375 0.1171875
3 0.596875 0.63046875 0.0359375 0.12265625
3 0.7109375 0.459375 0.0296875 0.109375
3 0.74453125 0.67109375 0.03515625 0.109375
3 0.6875 0.7796875 0.03359375 0.128125