3 0.0078125 0.634375 0.015625 0.125
3 0.06875 0.728125 0.0359375 0.11953125
3 0.2125 0.609375 0.028125 0.12421875
3 0.23125 0.584375 0.02734375 0.11953125
3 0.23984375 0.6796875 0.02578125 0.11640625
3 0.328125 0.865625 0.02734375 0.1328125
3 0.403125 0.91171875 0.0359375 0.12421875
3 0.525 0.975 0.034375 0.05
3 0.77734375 0.94296875 0.0328125 0.1140625
3 0.7140625 0.8765625 0.04765625 0.13984375
3 0.690625 0.7 0.0296875 0.12578125
3 0.596875 0.653125 0.0296875 0.1328125
3 0.72890625 0.5109375 0.034375 0.11953125