3 0.3203125 0.96953125 0.034375 0.0609375
3 0.3921875 0.6953125 0.02265625 0.08515625
3 0.40859375 0.7859375 0.02578125 0.10078125
3 0.60859375 0.6015625 0.028125 0.10078125
3 0.6765625 0.95078125 0.034375 0.0984375
3 0.9359375 0.271875 0.028125 0.06640625
3 0.909375 0.559375 0.01953125 0.07890625
3 0.8625 0.6375 0.03125 0.08515625
3 0.76640625 0.9734375 0.0265625 0.053125
3 0.87578125 0.9984375 0.0328125 0.003125
3 0.9234375 0.765625 0.0234375 0.08828125
3 0.98984375 0.934375 0.0203125 0.09765625
3 0.1015625 0.6703125 0.0203125 0.09140625