3 0.85 0.8484375 0.04765625 0.1140625
3 0.8296875 0.7953125 0.05078125 0.1046875
3 0.303125 0.14453125 0.03671875 0.0890625
3 0.5203125 0.5640625 0.034375 0.103125
3 0.4625 0.93671875 0.034375 0.1125
3 0.27578125 0.515625 0.04140625 0.10625
3 0.2671875 0.55 0.04921875 0.1046875
3 0.221875 0.765625 0.0484375 0.1046875
3 0.1984375 0.9328125 0.03515625 0.07890625
3 0.14765625 0.8640625 0.0390625 0.1203125
3 0.1171875 0.703125 0.04140625 0.10625
3 0.04765625 0.490625 0.0421875 0.08515625
3 0.0453125 0.94375 0.0328125 0.025