3 0.85390625 0.98125 0.0296875 0.03671875
3 0.81953125 0.80546875 0.0375 0.10859375
3 0.796875 0.75625 0.04140625 0.09921875
3 0.7703125 0.99921875 0.03671875 0.0015625
3 0.22890625 0.1671875 0.02890625 0.08515625
3 0.475 0.5578125 0.02578125 0.09921875
3 0.45 0.9234375 0.02421875 0.10859375
3 0.2328125 0.53125 0.03203125 0.1015625
3 0.228125 0.56484375 0.03984375 0.09921875
3 0.2015625 0.778125 0.03828125 0.09921875
3 0.19375 0.95 0.028125 0.090625
3 0.1375 0.8796875 0.028125 0.115625
3 0.0953125 0.7265625 0.03203125 0.1015625
3 0.01328125 0.52421875 0.0265625 0.078125
3 0.0453125 0.97421875 0.03046875 0.0359375