3 0.09609375 0.9609375 0.0375 0.078125
3 0.2921875 0.971875 0.03125 0.05625
3 0.546875 0.85546875 0.0265625 0.11640625
3 0.9546875 0.159375 0.02109375 0.0859375
3 0.6703125 0.6875 0.04609375 0.0953125
3 0.7046875 0.6375 0.02890625 0.09765625
2 0.72265625 0.6734375 0.0125 0.03046875
3 0.621875 0.89453125 0.03046875 0.1140625
3 0.6609375 0.9875 0.03203125 0.0203125
3 0.9953125 0.503125 0.00859375 0.09296875
3 0.9921875 0.7 0.015625 0.10390625
3 0.971875 0.9109375 0.0328125 0.1
3 0.9296875 0.9859375 0.02734375 0.01484375