3 0.021875 0.984375 0.02890625 0.03046875
3 0.0515625 0.640625 0.02578125 0.08671875
3 0.1 0.7203125 0.025 0.090625
3 0.15 0.7703125 0.02265625 0.0859375
2 0.17265625 0.78828125 0.01171875 0.02421875
3 0.1765625 0.84375 0.0390625 0.090625
3 0.13828125 0.95859375 0.028125 0.0828125
3 0.3015625 0.69453125 0.02734375 0.0953125
3 0.3953125 0.7453125 0.02578125 0.08046875
3 0.3359375 0.99375 0.028125 0.0125
3 0.36875 0.984375 0.02578125 0.03125
3 0.725 0.59375 0.02421875 0.096875
3 0.8078125 0.971875 0.02265625 0.04453125