3 0.00078125 0.2953125 0.0015625 0.075
3 0.0203125 0.540625 0.03203125 0.07734375
3 0.05390625 0.6390625 0.034375 0.0921875
3 0.01015625 0.98046875 0.0203125 0.0390625
3 0.0328125 0.9734375 0.034375 0.053125
3 0.1015625 0.91328125 0.0296875 0.0921875
3 0.13125 0.85078125 0.03125 0.09921875
3 0.1703125 0.728125 0.03828125 0.08125
3 0.2140625 0.66640625 0.0234375 0.08125
3 0.2390625 0.64375 0.02265625 0.08515625
3 0.2796875 0.5921875 0.0234375 0.0921875
3 0.3515625 0.93125 0.0375 0.08828125
3 0.41796875 0.896875 0.0296875 0.103125
3 0.60703125 0.93203125 0.0296875 0.103125
3 0.7 0.89453125 0.02265625 0.09921875
3 0.696875 0.5296875 0.01953125 0.0859375