3 0.00859375 0.5359375 0.0171875 0.08359375
3 0.0515625 0.303125 0.02421875 0.07109375
3 0.121875 0.7078125 0.03046875 0.06875
3 0.209375 0.70546875 0.03046875 0.0796875
3 0.03984375 0.971875 0.0234375 0.05546875
3 0.05703125 0.9078125 0.02890625 0.09140625
3 0.1 0.828125 0.0328125 0.09375
3 0.13984375 0.878125 0.0203125 0.09140625
3 0.13125 0.96640625 0.028125 0.0671875
3 0.28125 0.9734375 0.025 0.053125
3 0.3859375 0.59765625 0.02421875 0.09140625
3 0.515625 0.9015625 0.02734375 0.1015625
3 0.6359375 0.98046875 0.034375 0.0390625
3 0.790625 0.96484375 0.021875 0.0703125
3 0.859375 0.5546875 0.02265625 0.0796875