3 0.24609375 0.94921875 0.0359375 0.1015625
3 0.43125 0.98515625 0.04140625 0.0296875
3 0.5359375 0.76015625 0.03125 0.1046875
3 0.63359375 0.5546875 0.0234375 0.1046875
3 0.6546875 0.7953125 0.0265625 0.10234375
3 0.9828125 0.08203125 0.00859375 0.07578125
3 0.98671875 0.46484375 0.0265625 0.0890625
3 0.996875 0.4953125 0.00625 0.09765625
3 0.95703125 0.68203125 0.0296875 0.09140625
3 0.746875 0.8875 0.03515625 0.11640625
3 0.984375 0.778125 0.02734375 0.10078125
3 0.9828125 0.93828125 0.03359375 0.090625
3 0.98828125 0.98046875 0.0234375 0.00625