3 0.00859375 0.6296875 0.0125 0.121875
3 0.0484375 0.246875 0.034375 0.10625
3 0.1046875 0.25703125 0.034375 0.10625
3 0.2734375 0.4453125 0.03203125 0.1140625
3 0.3453125 0.2609375 0.034375 0.11640625
3 0.39609375 0.28203125 0.034375 0.11640625
3 0.69609375 0.253125 0.03046875 0.1140625
3 0.6484375 0.621875 0.03828125 0.1359375
3 0.56796875 0.6265625 0.04140625 0.13671875
3 0.55234375 0.715625 0.04140625 0.11640625
3 0.80625 0.8015625 0.03984375 0.14609375
3 0.13984375 0.85 0.05234375 0.1421875
3 0.2015625 0.821875 0.0359375 0.1484375