3 0.75078125 0.57265625 0.04296875 0.11953125
3 0.7453125 0.82109375 0.05078125 0.11796875
3 0.6859375 0.771875 0.04765625 0.1296875
2 0.65859375 0.89921875 0.01796875 0.03046875
3 0.57421875 0.58984375 0.0390625 0.12734375
3 0.5578125 0.69296875 0.0484375 0.12578125
3 0.46875 0.63125 0.04140625 0.1125
3 0.4171875 0.76875 0.0421875 0.115625
3 0.4015625 0.8015625 0.04296875 0.121875
3 0.296875 0.921875 0.0421875 0.1234375
3 0.121875 0.7171875 0.03984375 0.1125
3 0.0421875 0.8015625 0.046875 0.12578125