3 0.92578125 0.8296875 0.03828125 0.1203125
3 0.83046875 0.509375 0.0328125 0.10703125
3 0.6484375 0.678125 0.040625 0.12109375
3 0.57265625 0.596875 0.03203125 0.11171875
3 0.425 0.5296875 0.02578125 0.10703125
3 0.54375 0.75703125 0.034375 0.109375
3 0.5109375 0.8796875 0.0359375 0.11796875
3 0.359375 0.7734375 0.03203125 0.103125
3 0.1671875 0.65859375 0.03203125 0.11640625
3 0.2484375 0.9609375 0.03515625 0.07734375
3 0.11484375 0.59375 0.0328125 0.103125
3 0.028125 0.56328125 0.034375 0.11171875