3 0.225 0.7765625 0.025 0.10390625
3 0.37265625 0.5765625 0.02265625 0.096875
3 0.440625 0.65625 0.03359375 0.0953125
3 0.54375 0.678125 0.02890625 0.09765625
3 0.5765625 0.73125 0.02890625 0.096875
3 0.5359375 0.9265625 0.02734375 0.10390625
3 0.721875 0.5859375 0.02890625 0.0953125
3 0.73515625 0.6640625 0.02578125 0.0890625
3 0.828125 0.70546875 0.0296875 0.0875
3 0.878125 0.6796875 0.02421875 0.096875
3 0.9296875 0.590625 0.0203125 0.0890625
3 0.99453125 0.3390625 0.0109375 0.07265625
3 0.85 0.85859375 0.0265625 0.10546875