3 0.3390625 0.59375 0.04765625 0.09453125
3 0.371875 0.596875 0.05 0.10390625
3 0.446875 0.6109375 0.0375 0.1046875
3 0.346875 0.91015625 0.040625 0.12421875
3 0.540625 0.4921875 0.0328125 0.08984375
3 0.54921875 0.665625 0.03671875 0.1109375
3 0.609375 0.71953125 0.034375 0.1109375
3 0.628125 0.9078125 0.04375 0.11171875
3 0.7671875 0.5890625 0.0328125 0.09609375
3 0.86640625 0.6625 0.0359375 0.11796875
3 0.875 0.625 0.03125 0.11328125
3 0.91328125 0.5203125 0.034375 0.10078125
3 0.96484375 0.55 0.0375 0.1109375