3 0.9953125 0.6265625 0.00859375 0.15
3 0.86171875 0.5828125 0.0375 0.14453125
3 0.796875 0.64609375 0.0421875 0.1515625
3 0.7453125 0.4875 0.0296875 0.13515625
3 0.75 0.55859375 0.0328125 0.146875
3 0.71015625 0.5765625 0.0390625 0.13515625
3 0.7703125 0.7765625 0.04375 0.15625
3 0.74921875 0.884375 0.03984375 0.16484375
3 0.53125 0.375 0.059375 0.165625
3 0.51171875 0.56015625 0.04453125 0.1515625
3 0.4828125 0.8625 0.0453125 0.171875
3 0.55703125 0.97734375 0.0484375 0.04375
3 0.38125 0.80625 0.0515625 0.16953125
3 0.33046875 0.5828125 0.03984375 0.16015625
3 0.2875 0.5625 0.0328125 0.153125
3 0.25390625 0.5828125 0.0453125 0.1609375
3 0.084375 0.57265625 0.04453125 0.1515625