3 0.8265625 0.7875 0.040625 0.1453125
3 0.696875 0.79921875 0.0390625 0.15546875
3 0.6203125 0.9578125 0.040625 0.078125
3 0.66953125 0.5875 0.0296875 0.13984375
3 0.63046875 0.571875 0.0359375 0.1390625
3 0.6203125 0.5828125 0.034375 0.1390625
3 0.58125 0.58125 0.0484375 0.140625
3 0.503125 0.61796875 0.04375 0.146875
3 0.4734375 0.5875 0.0359375 0.140625
3 0.4296875 0.6 0.034375 0.109375
3 0.39375 0.59375 0.0375 0.14140625
3 0.3609375 0.5953125 0.03515625 0.13515625
3 0.39140625 0.709375 0.0328125 0.153125
3 0.359375 0.6921875 0.0390625 0.1453125
3 0.30625 0.69609375 0.0375 0.146875
3 0.290625 0.6671875 0.0328125 0.140625
3 0.471875 0.440625 0.0328125 0.12265625