3 0.92578125 0.69375 0.0453125 0.13046875
3 0.9 0.85 0.04453125 0.1515625
3 0.871875 0.703125 0.05859375 0.15078125
3 0.865625 0.7015625 0.0515625 0.15390625
3 0.80390625 0.7765625 0.0359375 0.128125
3 0.8171875 0.725 0.03515625 0.1390625
3 0.690625 0.76328125 0.0328125 0.15234375
3 0.6171875 0.878125 0.0546875 0.1734375
3 0.58984375 0.8609375 0.0421875 0.1453125
3 0.59765625 0.7703125 0.04140625 0.115625
3 0.625 0.76953125 0.0375 0.1046875
3 0.45625 0.85234375 0.0640625 0.1796875
3 0.440625 0.8515625 0.05390625 0.15859375
3 0.47890625 0.8453125 0.05703125 0.140625
3 0.3953125 0.8703125 0.0578125 0.178125
3 0.328125 0.6453125 0.0375 0.14375