3 0.97265625 0.665625 0.0453125 0.1703125
3 0.97109375 0.6640625 0.04921875 0.17421875
3 0.9046875 0.75390625 0.0359375 0.14453125
3 0.91875 0.69453125 0.034375 0.15703125
3 0.7765625 0.74296875 0.03125 0.17265625
3 0.6984375 0.8765625 0.0546875 0.19609375
3 0.6671875 0.8578125 0.04296875 0.1640625
3 0.671875 0.7546875 0.0421875 0.1296875
3 0.703125 0.753125 0.03828125 0.11875
3 0.515625 0.853125 0.065625 0.20234375
3 0.4984375 0.853125 0.0546875 0.17890625
3 0.54140625 0.8453125 0.05859375 0.15859375
3 0.4484375 0.87578125 0.05859375 0.20078125
3 0.36328125 0.6234375 0.03671875 0.1625