3 0.04375 0.6609375 0.03828125 0.14453125
3 0.0578125 0.8375 0.03515625 0.16796875
3 0.103125 0.67734375 0.0515625 0.165625
3 0.11015625 0.675 0.04296875 0.16953125
3 0.171875 0.765625 0.028125 0.1421875
3 0.1609375 0.70625 0.02578125 0.15390625
3 0.2984375 0.76171875 0.021875 0.16953125
3 0.36875 0.896875 0.04453125 0.19140625
3 0.40078125 0.88046875 0.034375 0.1609375
3 0.4 0.7796875 0.03515625 0.1265625
3 0.3703125 0.775 0.03203125 0.115625
3 0.55 0.884375 0.0546875 0.19765625
3 0.5671875 0.884375 0.04453125 0.175
3 0.525 0.8734375 0.05 0.1546875
3 0.6140625 0.903125 0.04921875 0.1890625
3 0.7109375 0.665625 0.028125 0.16015625