3 0.05 0.3328125 0.02578125 0.1875
3 0.07421875 0.33125 0.02109375 0.171875
3 0.07265625 0.3125 0.025 0.190625
3 0.0953125 0.34375 0.03125 0.18359375
3 0.115625 0.3140625 0.02265625 0.17890625
3 0.1015625 0.315625 0.02421875 0.1859375
3 0.1578125 0.29375 0.03515625 0.18203125
3 0.2015625 0.265625 0.03515625 0.1609375
3 0.175 0.21953125 0.02734375 0.16796875
3 0.23671875 0.1859375 0.025 0.15703125
3 0.228125 0.1625 0.03125 0.1515625
3 0.34375 0.1171875 0.03046875 0.16640625
3 0.42578125 0.0734375 0.0390625 0.146875
3 0.58203125 0.0484375 0.0421875 0.096875
3 0.7984375 0.18125 0.04453125 0.16328125
3 0.76640625 0.4328125 0.04453125 0.19609375
3 0.6359375 0.5546875 0.0546875 0.21953125
3 0.5921875 0.53046875 0.03984375 0.21484375
3 0.54921875 0.53203125 0.0484375 0.2078125