3 0.075 0.3046875 0.03984375 0.20546875
3 0.09453125 0.30390625 0.034375 0.18671875
3 0.1109375 0.30625 0.03046875 0.18046875
3 0.1203125 0.28203125 0.040625 0.20703125
3 0.1453125 0.2875 0.05390625 0.19375
3 0.16796875 0.271875 0.059375 0.20546875
3 0.1890625 0.34609375 0.0703125 0.20234375
3 0.23828125 0.240625 0.04765625 0.171875
3 0.23984375 0.1609375 0.0515625 0.1609375
3 0.28046875 0.15625 0.05078125 0.16171875
3 0.296875 0.13125 0.0484375 0.17109375
3 0.4 0.096875 0.04921875 0.17734375
3 0.49921875 0.06875 0.0453125 0.13671875
3 0.6671875 0.05625 0.05390625 0.090625
3 0.884375 0.20703125 0.06171875 0.18984375
3 0.825 0.475 0.06484375 0.21171875
3 0.66875 0.5984375 0.078125 0.24375
3 0.62421875 0.56796875 0.06328125 0.23515625
3 0.578125 0.56015625 0.06484375 0.2234375