3 0.0015625 0.3515625 0.003125 0.1875
3 0.00703125 0.3265625 0.0140625 0.21328125
3 0.02578125 0.33046875 0.04609375 0.20078125
3 0.046875 0.31171875 0.0515625 0.21328125
3 0.078125 0.3859375 0.06328125 0.209375
3 0.11640625 0.27109375 0.040625 0.178125
3 0.1078125 0.1875 0.0453125 0.16640625
3 0.14921875 0.178125 0.04375 0.16796875
3 0.1625 0.15 0.040625 0.17734375
3 0.265625 0.10078125 0.0421875 0.184375
3 0.3640625 0.0671875 0.03984375 0.12578125
3 0.5359375 0.0359375 0.0515625 0.07109375
3 0.7796875 0.153125 0.05390625 0.19609375
3 0.753125 0.43828125 0.05625 0.21875
3 0.60625 0.5875 0.06875 0.2515625
3 0.55625 0.5609375 0.05390625 0.24375
3 0.509375 0.5578125 0.05625 0.23125