3 0.14609375 0.16171875 0.0453125 0.1875
3 0.18046875 0.440625 0.04921875 0.2203125
3 0.3296875 0.584375 0.0609375 0.24921875
3 0.3796875 0.55625 0.0421875 0.24375
3 0.42265625 0.5515625 0.04765625 0.2375
3 0.978125 0.334375 0.028125 0.2078125
3 0.95703125 0.3328125 0.025 0.1984375
3 0.92734375 0.3140625 0.0234375 0.2125
3 0.91328125 0.2984375 0.0125 0.2046875
3 0.896875 0.28515625 0.028125 0.196875
3 0.8546875 0.29375 0.0359375 0.1921875
3 0.8109375 0.25078125 0.034375 0.1765625
3 0.7828125 0.16875 0.03671875 0.1828125
3 0.7265625 0.15703125 0.0484375 0.16328125
3 0.740625 0.12890625 0.0328125 0.165625
3 0.65625 0.09296875 0.03125 0.178125
3 0.5640625 0.05859375 0.0453125 0.1171875
3 0.384375 0.034375 0.0484375 0.06796875
3 0.759375 0.3734375 0.034375 0.20859375