3 0.5984375 0.5609375 0.0828125 0.25703125
3 0.546875 0.53828125 0.0609375 0.24765625
3 0.50625 0.5375 0.0625 0.24296875
3 0.7421875 0.40625 0.06875 0.225
3 0.72578125 0.1203125 0.04921875 0.19140625
3 0.496875 0.021875 0.053125 0.04375
3 0.31875 0.059375 0.05 0.09453125
3 0.2328125 0.103125 0.04765625 0.16328125
3 0.16875 0.1265625 0.04375 0.178125
3 0.16015625 0.1578125 0.0703125 0.1671875
3 0.125 0.15859375 0.05859375 0.17421875
3 0.23515625 0.45859375 0.0578125 0.21875
3 0.10625 0.26796875 0.04921875 0.17578125
3 0.05078125 0.3109375 0.05859375 0.20859375
3 0.02890625 0.3078125 0.05234375 0.20625
3 0.00859375 0.328125 0.0171875 0.21015625