3 0.17734375 0.1609375 0.03828125 0.184375
3 0.2140625 0.4265625 0.05859375 0.2171875
3 0.3421875 0.5734375 0.0765625 0.24765625
3 0.390625 0.55625 0.06015625 0.23046875
3 0.43125 0.5484375 0.05859375 0.22734375
3 0.6109375 0.534375 0.0671875 0.22421875
3 0.9859375 0.3921875 0.028125 0.2125
3 0.984375 0.38828125 0.03046875 0.1953125
3 0.94609375 0.3640625 0.08515625 0.21640625
3 0.9125 0.3484375 0.046875 0.20703125
3 0.878125 0.34921875 0.04921875 0.19609375
3 0.88671875 0.33203125 0.0421875 0.19375
3 0.80390625 0.2890625 0.04453125 0.1734375
3 0.80390625 0.203125 0.05625 0.18203125
3 0.753125 0.184375 0.06328125 0.16015625
3 0.725 0.16484375 0.04765625 0.1734375
3 0.703125 0.13203125 0.053125 0.1671875
3 0.61171875 0.07578125 0.05234375 0.13828125
3 0.44921875 0.0453125 0.0671875 0.08984375