3 0.91875 0.1296875 0.04453125 0.18984375
3 0.68125 0.02265625 0.0609375 0.0453125
3 0.7890625 0.38828125 0.06484375 0.221875
3 0.6640625 0.53984375 0.06953125 0.24375
3 0.61171875 0.521875 0.0671875 0.23671875
3 0.5671875 0.5125 0.0625 0.23359375
3 0.40625 0.51328125 0.084375 0.22265625
3 0.06015625 0.325 0.05 0.21875
3 0.08515625 0.31875 0.0453125 0.2109375
3 0.12265625 0.3078125 0.05078125 0.19921875
3 0.1953125 0.2546875 0.04609375 0.17265625
3 0.2046875 0.175 0.06640625 0.1875
3 0.2421875 0.153125 0.0640625 0.16796875
3 0.25 0.12890625 0.04140625 0.1734375
3 0.27421875 0.134375 0.071875 0.14609375
3 0.3953125 0.0578125 0.0578125 0.10390625