2 0.84375 0.1578125 0.01640625 0.0234375
3 0.3171875 0.690625 0.0765625 0.18828125
3 0.3390625 0.61328125 0.0796875 0.18828125
3 0.45 0.4375 0.06171875 0.1453125
3 0.396875 0.28515625 0.06171875 0.15234375
3 0.4625 0.2015625 0.06171875 0.14921875
3 0.52109375 0.25703125 0.05859375 0.18359375
3 0.55390625 0.1921875 0.07578125 0.1359375
3 0.67734375 0.065625 0.06796875 0.1125
3 0.68984375 0.0515625 0.04609375 0.08203125
3 0.771875 0.15703125 0.05703125 0.16796875
3 0.8140625 0.134375 0.06015625 0.12734375