2 0.19921875 0.065625 0.015625 0.021875
3 0.60625 0.6328125 0.07421875 0.1765625
3 0.59765625 0.559375 0.0765625 0.1765625
3 0.52109375 0.38125 0.059375 0.13671875
3 0.175 0.91328125 0.05625 0.1234375
3 0.5921875 0.2484375 0.06015625 0.14296875
3 0.54375 0.1609375 0.06015625 0.13984375
3 0.48203125 0.20390625 0.0578125 0.171875
3 0.4609375 0.1390625 0.07265625 0.128125
3 0.3640625 0.028125 0.0625 0.05625
3 0.3546875 0.0140625 0.04140625 0.028125
3 0.26484375 0.0765625 0.0546875 0.153125
3 0.22890625 0.05390625 0.0578125 0.1078125