3 0.6390625 0.02265625 0.0375 0.0453125
3 0.884375 0.4328125 0.1 0.2046875
3 0.784375 0.56171875 0.06328125 0.25546875
2 0.753125 0.5328125 0.021875 0.0375
3 0.6921875 0.53125 0.05390625 0.24375
3 0.671875 0.3828125 0.07265625 0.21171875
3 0.51953125 0.5265625 0.0625 0.2421875
3 0.028125 0.3640625 0.05625 0.21875
3 0.0046875 0.35 0.00859375 0.20390625
3 0.1515625 0.3078125 0.059375 0.23046875
3 0.175 0.2921875 0.04140625 0.2203125
3 0.2078125 0.2859375 0.046875 0.21328125
3 0.290625 0.2453125 0.05234375 0.1765625
3 0.26875 0.1265625 0.05859375 0.190625
3 0.3421875 0.121875 0.06640625 0.1578125
3 0.3734375 0.07890625 0.0609375 0.14765625
3 0.4375 0.096875 0.04765625 0.17421875
3 0.4921875 0.0390625 0.0578125 0.078125