3 0.08203125 0.003125 0.0359375 0.00546875
3 0.69140625 0.096875 0.0390625 0.19375
3 0.9828125 0.6796875 0.034375 0.23984375
3 0.96328125 0.57421875 0.07109375 0.22578125
3 0.7 0.6046875 0.06015625 0.25234375
3 0.646875 0.6359375 0.06484375 0.2421875
3 0.00625 0.50546875 0.0125 0.22265625
3 0.046875 0.4015625 0.05390625 0.1921875
3 0.0453125 0.371875 0.04453125 0.20546875
3 0.2484375 0.2359375 0.0484375 0.20234375
3 0.28984375 0.25625 0.07109375 0.18125
3 0.315625 0.22578125 0.03515625 0.1984375
3 0.3828125 0.38125 0.05078125 0.2265625
3 0.37421875 0.296875 0.0484375 0.18984375
3 0.37734375 0.18515625 0.0515625 0.16796875
3 0.5421875 0.334375 0.0390625 0.18828125
3 0.4859375 0.4015625 0.03359375 0.23671875
3 0.4546875 0.36875 0.0359375 0.221875
3 0.5078125 0.1640625 0.06484375 0.18359375