3 0.9390625 0.965625 0.028125 0.06796875
3 0.86171875 0.94921875 0.0328125 0.1015625
3 0.80234375 0.96171875 0.0265625 0.0765625
3 0.684375 0.95703125 0.01875 0.0859375
3 0.6671875 0.95625 0.01953125 0.08671875
3 0.6203125 0.95234375 0.028125 0.0953125
3 0.5515625 0.9515625 0.02421875 0.096875
3 0.5078125 0.95234375 0.03203125 0.0953125
3 0.2875 0.9359375 0.034375 0.11484375
3 0.190625 0.93125 0.0328125 0.11796875
3 0.09453125 0.92421875 0.0328125 0.12421875
3 0.2171875 0.9375 0.02109375 0.1046875