3 0.01328125 0.13046875 0.0265625 0.128125
3 0.04921875 0.003125 0.0234375 0.00546875
3 0.0671875 0.1 0.03515625 0.109375
3 0.10546875 0.021875 0.0359375 0.04375
3 0.27890625 0.04453125 0.0203125 0.0890625
3 0.2625 0.13984375 0.040625 0.11328125
3 0.346875 0.071875 0.03203125 0.1171875
3 0.45546875 0.20078125 0.0375 0.12578125
3 0.478125 0.3984375 0.03515625 0.1703125
3 0.5640625 0.3375 0.04765625 0.16328125
3 0.32265625 0.60546875 0.0390625 0.18828125
3 0.56171875 0.00546875 0.0234375 0.0109375
3 0.70234375 0.175 0.0296875 0.13359375
3 0.94765625 0.0359375 0.0515625 0.071875
3 0.9703125 0.1078125 0.05703125 0.1203125
3 0.9140625 0.35625 0.05625 0.1515625