3 0.1359375 0.353125 0.0203125 0.0796875
3 0.0171875 0.8265625 0.0265625 0.13671875
3 0.06953125 0.67421875 0.03984375 0.1203125
3 0.14453125 0.97578125 0.04375 0.0484375
3 0.225 0.9671875 0.03984375 0.06484375
3 0.51484375 0.91875 0.04375 0.1390625
3 0.50703125 0.878125 0.0453125 0.115625
3 0.6234375 0.9359375 0.0421875 0.12578125
2 0.675 0.9609375 0.0171875 0.02578125
3 0.63515625 0.71875 0.03828125 0.1203125
3 0.84375 0.940625 0.04140625 0.10859375
3 0.8015625 0.83984375 0.0421875 0.1375
3 0.8796875 0.66484375 0.05234375 0.09296875