3 0.965625 0.98359375 0.03515625 0.0328125
3 0.93203125 0.9859375 0.028125 0.02734375
3 0.94921875 0.8421875 0.02578125 0.0859375
3 0.90390625 0.95078125 0.0203125 0.0984375
3 0.915625 0.9515625 0.021875 0.09609375
3 0.9015625 0.98125 0.02734375 0.0375
3 0.875 0.97734375 0.02578125 0.0453125
3 0.85 0.98125 0.03203125 0.03671875
3 0.7625 0.94140625 0.02421875 0.1171875
3 0.75234375 0.9359375 0.0234375 0.12734375
3 0.56328125 0.95078125 0.0328125 0.0984375
3 0.3734375 0.9484375 0.0390625 0.09453125