2 0.2671875 0.9390625 0.021875 0.03359375
3 0.021875 0.83046875 0.04375 0.1921875
3 0.384375 0.7 0.04296875 0.1546875
3 0.525 0.4109375 0.0421875 0.1078125
3 0.6390625 0.70859375 0.04296875 0.1640625
3 0.61640625 0.990625 0.0359375 0.01796875
3 0.7203125 0.6046875 0.053125 0.1328125
3 0.9140625 0.6546875 0.0484375 0.16328125
3 0.95625 0.8703125 0.0328125 0.16953125
3 0.840625 0.834375 0.04609375 0.18359375
3 0.821875 0.81796875 0.03984375 0.18046875
3 0.81015625 0.8015625 0.03984375 0.19140625
3 0.796875 0.7921875 0.0390625 0.18671875