3 0.91953125 0.7703125 0.05390625 0.17265625
3 0.81015625 0.78359375 0.06640625 0.16875
3 0.7109375 0.71640625 0.0796875 0.17578125
3 0.60078125 0.69375 0.0640625 0.153125
3 0.5765625 0.9328125 0.04765625 0.13359375
3 0.59296875 0.90546875 0.0515625 0.1890625
3 0.50625 0.8984375 0.05390625 0.203125
3 0.47734375 0.89765625 0.0453125 0.2046875
3 0.46640625 0.8921875 0.04453125 0.2140625
3 0.26171875 0.803125 0.05625 0.1921875
3 0.05078125 0.8171875 0.053125 0.1890625
3 0.2109375 0.45546875 0.03046875 0.10234375