3 0.9578125 0.6640625 0.05078125 0.16484375
3 0.8578125 0.6921875 0.06328125 0.1609375
3 0.7546875 0.6421875 0.075 0.1671875
3 0.64765625 0.63515625 0.0609375 0.14609375
3 0.94375 0.953125 0.0484375 0.03828125
3 0.66015625 0.8953125 0.04921875 0.190625
3 0.66875 0.8421875 0.05 0.18828125
3 0.584375 0.8453125 0.0515625 0.196875
3 0.559375 0.84375 0.04296875 0.19375
3 0.54765625 0.840625 0.0421875 0.203125
3 0.34375 0.784375 0.05390625 0.1828125
3 0.146875 0.82421875 0.05078125 0.18046875
3 0.03671875 0.93359375 0.0265625 0.1328125
3 0.25 0.4625 0.02890625 0.09765625