3 0.2765625 0.97578125 0.04375 0.0484375
3 0.90390625 0.8953125 0.02578125 0.1921875
2 0.6203125 0.9578125 0.0171875 0.0296875
3 0.5390625 0.7265625 0.03046875 0.146875
3 0.4359375 0.459375 0.0265625 0.103125
3 0.246875 0.60390625 0.02890625 0.11953125
3 0.2375 0.69921875 0.03046875 0.1359375
3 0.0515625 0.63125 0.034375 0.1453125
3 0.159375 0.78046875 0.0203125 0.1734375
3 0.14375 0.7859375 0.01875 0.17578125
3 0.13203125 0.79375 0.0171875 0.16875
3 0.11640625 0.8015625 0.02265625 0.16328125
3 0.00859375 0.83046875 0.0171875 0.15546875