3 0.1078125 0.91875 0.0390625 0.16171875
2 0.40859375 0.98203125 0.01953125 0.028125
3 0.4765625 0.740625 0.0375 0.16015625
3 0.7609375 0.9671875 0.04921875 0.03515625
3 0.7328125 0.6890625 0.046875 0.15390625
3 0.7765625 0.59609375 0.04765625 0.13671875
3 0.56640625 0.4515625 0.03828125 0.1046875
3 0.875 0.7671875 0.0328125 0.1765625
3 0.8890625 0.76640625 0.03046875 0.18671875
3 0.9078125 0.77890625 0.03125 0.16640625
3 0.91640625 0.7890625 0.03125 0.17109375
3 0.9734375 0.609375 0.0421875 0.15546875