3 0.04375 0.8296875 0.06640625 0.18046875
3 0.0828125 0.67890625 0.0359375 0.12421875
3 0.1234375 0.671875 0.0359375 0.1265625
3 0.2703125 0.9125 0.10234375 0.15625
3 0.27421875 0.7015625 0.0390625 0.1421875
3 0.33125 0.665625 0.0328125 0.1046875
3 0.3515625 0.71484375 0.03125 0.15390625
3 0.38125 0.734375 0.040625 0.1734375
3 0.45234375 0.62265625 0.0265625 0.0953125
3 0.4921875 0.7265625 0.0375 0.1453125
3 0.4421875 0.8796875 0.06953125 0.23359375
3 0.540625 0.91171875 0.07578125 0.1765625
3 0.66171875 0.89921875 0.0859375 0.2015625
3 0.7890625 0.72890625 0.04140625 0.121875
3 0.9515625 0.78515625 0.0578125 0.16953125