3 0.0359375 0.83359375 0.07109375 0.1875
3 0.078125 0.678125 0.0390625 0.12890625
3 0.11953125 0.671875 0.0390625 0.13125
3 0.2671875 0.91484375 0.1078125 0.14609375
3 0.275 0.70546875 0.0421875 0.146875
3 0.334375 0.66875 0.03515625 0.10859375
3 0.3546875 0.7203125 0.034375 0.16015625
3 0.384375 0.7421875 0.0453125 0.18046875
3 0.46015625 0.62734375 0.02890625 0.09921875
3 0.5 0.734375 0.04140625 0.15078125
3 0.44453125 0.884375 0.07578125 0.22734375
3 0.5453125 0.91796875 0.08046875 0.1640625
3 0.67265625 0.90625 0.0921875 0.1875
3 0.80625 0.7421875 0.04453125 0.1265625
3 0.9640625 0.8015625 0.04453125 0.1734375