3 0.071875 0.89375 0.0625 0.1953125
3 0.1046875 0.7265625 0.03203125 0.134375
3 0.14921875 0.7171875 0.03203125 0.1375
3 0.325 0.94453125 0.1046875 0.1109375
3 0.31640625 0.740625 0.034375 0.1546875
3 0.3765625 0.69765625 0.0296875 0.1140625
3 0.4015625 0.75 0.025 0.16875
3 0.4359375 0.7703125 0.03515625 0.1890625
3 0.5078125 0.64375 0.0234375 0.10390625
3 0.55703125 0.7546875 0.0328125 0.15859375
3 0.50859375 0.89921875 0.0640625 0.2015625
3 0.6203125 0.93046875 0.0734375 0.1390625
3 0.75234375 0.91328125 0.0828125 0.1734375
3 0.8828125 0.740625 0.03828125 0.13203125