3 0.04375 0.77578125 0.08515625 0.4484375
3 0.08671875 0.38359375 0.0375 0.16953125
3 0.2109375 0.4015625 0.03671875 0.1765625
3 0.23515625 0.36171875 0.02421875 0.11953125
3 0.27734375 0.3625 0.021875 0.11328125
3 0.5046875 0.403125 0.040625 0.1578125
3 0.53125 0.40625 0.0328125 0.1609375
3 0.56484375 0.41640625 0.0671875 0.23125
3 0.5515625 0.4109375 0.03203125 0.15546875
3 0.5890625 0.425 0.02890625 0.1625
2 0.6171875 0.4421875 0.01640625 0.01953125
3 0.6515625 0.48984375 0.0703125 0.215625
3 0.69453125 0.45546875 0.0453125 0.1671875
3 0.72890625 0.3828125 0.02734375 0.08984375