3 0.96640625 0.72109375 0.0671875 0.4765625
3 0.89375 0.3109375 0.05 0.184375
3 0.76328125 0.346875 0.04921875 0.19140625
3 0.7328125 0.3078125 0.0328125 0.1296875
3 0.6875 0.3125 0.0296875 0.12265625
3 0.44921875 0.3875 0.05234375 0.17265625
3 0.42265625 0.39375 0.04453125 0.17421875
3 0.3875 0.409375 0.084375 0.25234375
3 0.40078125 0.4015625 0.04296875 0.16875
3 0.3625 0.42109375 0.03984375 0.1765625
2 0.3359375 0.44375 0.01875 0.021875
3 0.3046875 0.5 0.0875 0.23515625
3 0.25390625 0.46796875 0.0578125 0.18203125
3 0.2078125 0.3953125 0.03515625 0.09765625