3 0.41171875 0.6 0.01171875 0.0421875
3 0.42265625 0.7546875 0.0125 0.0515625
3 0.5890625 0.6875 0.01328125 0.04609375
3 0.70390625 0.64453125 0.0125 0.0484375
3 0.69375 0.6953125 0.01171875 0.04609375
3 0.6734375 0.73203125 0.01015625 0.053125
3 0.65546875 0.7390625 0.0125 0.05390625
3 0.6109375 0.8796875 0.0125 0.05390625
3 0.60625 0.8515625 0.0125 0.0609375
3 0.52890625 0.8921875 0.0140625 0.0640625
3 0.4640625 0.9828125 0.01875 0.03359375
3 0.1609375 0.91953125 0.01796875 0.0625
3 0.78671875 0.790625 0.01484375 0.06484375
3 0.8140625 0.821875 0.01640625 0.065625
3 0.85625 0.7609375 0.0125 0.0546875
3 0.9046875 0.85625 0.0140625 0.06640625
3 0.84453125 0.61875 0.0125 0.04921875
3 0.9953125 0.9734375 0.009375 0.053125