3 0.99609375 0.9078125 0.0078125 0.07578125
3 0.8859375 0.8640625 0.0171875 0.0640625
3 0.86328125 0.84609375 0.01640625 0.05859375
3 0.86171875 0.8203125 0.01484375 0.05859375
3 0.8984375 0.621875 0.01015625 0.0421875
3 0.78125 0.740625 0.01171875 0.04921875
3 0.75390625 0.71796875 0.0171875 0.053125
3 0.759375 0.646875 0.00859375 0.0484375
3 0.70078125 0.76171875 0.0109375 0.05078125
3 0.62421875 0.70078125 0.01328125 0.06015625
3 0.66953125 0.909375 0.015625 0.0703125
3 0.640625 0.9234375 0.015625 0.06640625
3 0.6015625 0.9640625 0.0171875 0.06796875
3 0.46328125 0.79453125 0.02890625 0.065625
3 0.18203125 0.97265625 0.0328125 0.0546875
3 0.446875 0.603125 0.0109375 0.04921875