3 0.0421875 0.875 0.0578125 0.2203125
3 0.05 0.6109375 0.05859375 0.171875
3 0.04140625 0.53046875 0.03984375 0.190625
3 0.1015625 0.5125 0.0734375 0.17578125
3 0.32109375 0.4765625 0.04453125 0.15390625
3 0.3453125 0.35 0.0421875 0.1421875
3 0.396875 0.56796875 0.0546875 0.1828125
3 0.459375 0.55390625 0.040625 0.18359375
3 0.5328125 0.796875 0.053125 0.2265625
3 0.68359375 0.9125 0.059375 0.17421875
3 0.9765625 0.828125 0.0328125 0.221875
3 0.9390625 0.64140625 0.04296875 0.19296875
3 0.89453125 0.6671875 0.0484375 0.2125