3 0.9546875 0.871875 0.05859375 0.2265625
3 0.9453125 0.6046875 0.05859375 0.171875
3 0.95546875 0.525 0.03984375 0.190625
3 0.8953125 0.50625 0.0734375 0.17578125
3 0.675 0.4703125 0.04453125 0.15390625
3 0.65078125 0.34453125 0.0421875 0.1421875
3 0.6 0.5625 0.0546875 0.1828125
3 0.5375 0.5484375 0.040625 0.18359375
3 0.4640625 0.7921875 0.053125 0.2265625
3 0.3125 0.909375 0.06015625 0.18046875
3 0.021875 0.821875 0.0296875 0.221875
3 0.0578125 0.6359375 0.04296875 0.19296875
3 0.10234375 0.66171875 0.0484375 0.2125