3 0.0203125 0.81015625 0.040625 0.2390625
3 0.0296875 0.54296875 0.05859375 0.1671875
3 0.021875 0.46484375 0.04375 0.184375
3 0.0796875 0.45 0.0765625 0.171875
3 0.29375 0.421875 0.04765625 0.14921875
3 0.321875 0.3015625 0.04609375 0.13828125
3 0.3640625 0.5140625 0.05859375 0.178125
3 0.425 0.5015625 0.0453125 0.17734375
3 0.4875 0.7390625 0.05859375 0.2203125
3 0.6265625 0.884375 0.0671875 0.22578125
3 0.93125 0.78671875 0.071875 0.2171875
3 0.88515625 0.603125 0.04765625 0.1875
3 0.8421875 0.6265625 0.05390625 0.20625