3 0.2015625 0.85390625 0.08515625 0.23359375
3 0.36875 0.890625 0.06640625 0.2
3 0.28125 0.68359375 0.08203125 0.2078125
3 0.3796875 0.6734375 0.06484375 0.203125
3 0.515625 0.57109375 0.08984375 0.1765625
3 0.659375 0.56875 0.08125 0.18046875
3 0.7921875 0.59375 0.0609375 0.1671875
3 0.83671875 0.5203125 0.065625 0.15859375
3 0.659375 0.9375 0.071875 0.12421875
3 0.7625 0.9 0.0859375 0.1828125
3 0.87578125 0.72578125 0.0609375 0.215625
2 0.9265625 0.98984375 0.02109375 0.0203125
3 0.884375 0.91640625 0.10859375 0.1671875