3 0.1359375 0.87734375 0.07890625 0.21171875
3 0.321875 0.90625 0.05859375 0.17265625
3 0.2125 0.7078125 0.07890625 0.22578125
3 0.32109375 0.69140625 0.06015625 0.22109375
3 0.4640625 0.5703125 0.0890625 0.18984375
3 0.62109375 0.559375 0.0796875 0.19453125
3 0.7671875 0.5796875 0.0578125 0.18125
3 0.8125 0.496875 0.06328125 0.17109375
3 0.64375 0.9484375 0.06796875 0.103125
3 0.7515625 0.90859375 0.084375 0.1828125
3 0.8671875 0.71875 0.05546875 0.234375
3 0.8875 0.91796875 0.10703125 0.1640625