3 0.965625 0.978125 0.06875 0.01484375
3 0.9375 0.91875 0.05234375 0.134375
3 0.8359375 0.9 0.05390625 0.17890625
3 0.903125 0.759375 0.06328125 0.22734375
3 0.81015625 0.5515625 0.06015625 0.1765625
3 0.57265625 0.8140625 0.059375 0.2359375
3 0.49453125 0.6671875 0.03828125 0.19921875
3 0.32734375 0.76796875 0.0578125 0.209375
3 0.19921875 0.821875 0.04765625 0.22890625
3 0.24375 0.98515625 0.0546875 0.0296875
3 0.11875 0.896875 0.04140625 0.20546875
3 0.05234375 0.4203125 0.03203125 0.16171875