2 0.2734375 0.59375 0.0140625 0.01796875
3 0.21953125 0.63828125 0.071875 0.16328125
3 0.5046875 0.465625 0.0328125 0.125
3 0.23515625 0.94609375 0.0796875 0.1078125
3 0.4421875 0.859375 0.0484375 0.1875
3 0.48671875 0.8765625 0.0546875 0.18046875
3 0.46953125 0.8203125 0.0546875 0.1765625
3 0.4734375 0.9640625 0.0546875 0.071875
3 0.5953125 0.9828125 0.0375 0.0234375
3 0.73125 0.93203125 0.0546875 0.09609375
3 0.8515625 0.6953125 0.08046875 0.165625
3 0.946875 0.8359375 0.0765625 0.18046875
3 0.97734375 0.61328125 0.0453125 0.1484375