3 0.1140625 0.08203125 0.02265625 0.11640625
3 0.2359375 0.096875 0.0375 0.11875
3 0.25078125 0.0609375 0.0296875 0.121875
3 0.2921875 0.1109375 0.0171875 0.13515625
3 0.30625 0.1078125 0.02109375 0.12421875
3 0.359375 0.21484375 0.0296875 0.14296875
3 0.3984375 0.2828125 0.02890625 0.13828125
3 0.4671875 0.11796875 0.03359375 0.12578125
3 0.53828125 0.134375 0.03671875 0.13046875
3 0.52109375 0.1078125 0.025 0.1296875
3 0.5078125 0.1015625 0.0234375 0.1140625
3 0.41328125 0.003125 0.0203125 0.00546875
3 0.6453125 0.06796875 0.03046875 0.12421875
3 0.6703125 0.0703125 0.02421875 0.121875
3 0.6953125 0.05 0.021875 0.1
3 0.7515625 0.0484375 0.01875 0.096875
3 0.7484375 0.1234375 0.02890625 0.12734375
3 0.7921875 0.10625 0.0265625 0.1234375
3 0.69296875 0.415625 0.0375 0.15625