3 0.07734375 0.1921875 0.05546875 0.159375
3 0.128125 0.1828125 0.06484375 0.16484375
3 0.165625 0.1203125 0.04296875 0.153125
3 0.13984375 0.0625 0.0546875 0.125
3 0.2203125 0.37265625 0.04765625 0.20859375
3 0.3265625 0.2640625 0.03046875 0.19375
3 0.34453125 0.1140625 0.07421875 0.1421875
3 0.3859375 0.0828125 0.0359375 0.15546875
3 0.4296875 0.1078125 0.06328125 0.14453125
3 0.4125 0.05703125 0.021875 0.1140625
3 0.64609375 0.08046875 0.0265625 0.1609375
3 0.69296875 0.04453125 0.0421875 0.0890625
3 0.72265625 0.075 0.04140625 0.14375
3 0.7375 0.0328125 0.05 0.065625
3 0.79921875 0.49921875 0.04453125 0.2078125