3 0.921875 0.89921875 0.046875 0.12109375
3 0.5890625 0.9 0.04921875 0.15390625
3 0.6109375 0.865625 0.040625 0.16171875
3 0.6609375 0.759375 0.03359375 0.1046875
3 0.759375 0.73125 0.03515625 0.12734375
3 0.73671875 0.746875 0.03515625 0.121875
3 0.74765625 0.82109375 0.05234375 0.15546875
3 0.865625 0.7828125 0.040625 0.13515625
3 0.8203125 0.89375 0.0484375 0.1515625
3 0.7984375 0.84140625 0.04140625 0.15078125
3 0.940625 0.8046875 0.04609375 0.15078125
3 0.9359375 0.66875 0.03984375 0.12109375
3 0.89921875 0.6703125 0.03203125 0.096875
3 0.909375 0.6609375 0.0265625 0.09609375