3 0.45234375 0.9703125 0.0421875 0.059375
3 0.4359375 0.784375 0.03515625 0.109375
3 0.4703125 0.6890625 0.0265625 0.0671875
3 0.340625 0.7046875 0.02421875 0.09140625
3 0.3046875 0.734375 0.02265625 0.10546875
3 0.228125 0.721875 0.0234375 0.0921875
3 0.23359375 0.7125 0.025 0.0984375
3 0.209375 0.7140625 0.02109375 0.10234375
3 0.159375 0.74140625 0.0234375 0.10078125
3 0.1171875 0.746875 0.02265625 0.10546875
3 0.1078125 0.7484375 0.01796875 0.09453125
3 0.1734375 0.9609375 0.04453125 0.078125
3 0.0890625 0.8703125 0.03046875 0.1296875
3 0.0671875 0.759375 0.02265625 0.10625