3 0.42734375 0.96328125 0.046875 0.0734375
3 0.40625 0.7625 0.03984375 0.11640625
3 0.440625 0.66015625 0.02890625 0.07109375
3 0.3046875 0.678125 0.0265625 0.096875
3 0.2671875 0.7109375 0.02578125 0.1125
3 0.18515625 0.6984375 0.02578125 0.09765625
3 0.190625 0.6890625 0.028125 0.1046875
3 0.165625 0.6921875 0.02421875 0.109375
3 0.1125 0.72109375 0.02734375 0.10703125
3 0.06875 0.72734375 0.02578125 0.1125
3 0.0578125 0.7296875 0.02109375 0.1
3 0.1328125 0.95546875 0.05 0.0890625
3 0.040625 0.859375 0.034375 0.1375
3 0.0203125 0.740625 0.02109375 0.11328125