3 0.02265625 0.9015625 0.03359375 0.13671875
3 0.0796875 0.8953125 0.04140625 0.13984375
3 0.16875 0.825 0.02109375 0.11328125
3 0.2015625 0.8234375 0.02578125 0.10703125
3 0.17578125 0.81640625 0.021875 0.11015625
3 0.2453125 0.7984375 0.0203125 0.1
3 0.25703125 0.80625 0.01640625 0.08515625
3 0.2796875 0.8125 0.0234375 0.10546875
3 0.33125 0.8234375 0.02265625 0.10859375
3 0.3828125 0.7984375 0.021875 0.09609375
3 0.30234375 0.959375 0.04375 0.08046875
3 0.49375 0.79296875 0.02890625 0.08125
3 0.5609375 0.909375 0.0359375 0.12734375
3 0.5046875 0.9703125 0.04140625 0.05859375