3 0.025 0.85859375 0.04921875 0.146875
3 0.121875 0.7953125 0.0296875 0.11796875
3 0.1546875 0.796875 0.034375 0.11171875
3 0.1296875 0.7875 0.03046875 0.115625
3 0.203125 0.7765625 0.028125 0.10390625
3 0.2140625 0.78515625 0.0234375 0.0890625
3 0.23671875 0.79453125 0.03125 0.11015625
3 0.2890625 0.81171875 0.03125 0.11328125
3 0.34453125 0.7921875 0.02890625 0.1
3 0.2453125 0.94375 0.04921875 0.075
3 0.4578125 0.7984375 0.03515625 0.08515625
3 0.515625 0.925 0.0453125 0.13359375
3 0.4515625 0.975 0.0453125 0.04921875