3 0.29453125 0.0640625 0.0515625 0.128125
3 0.50703125 0.365625 0.05859375 0.2203125
3 0.53984375 0.328125 0.05 0.21953125
3 0.5546875 0.40078125 0.059375 0.21171875
3 0.59375 0.3078125 0.05 0.196875
3 0.66875 0.4 0.05859375 0.209375
3 0.653125 0.334375 0.04609375 0.20546875
3 0.65078125 0.27109375 0.05625 0.1828125
3 0.7078125 0.27265625 0.0625 0.18828125
3 0.746875 0.24375 0.05078125 0.18359375
3 0.7921875 0.23125 0.04453125 0.18203125
3 0.828125 0.1953125 0.04921875 0.18828125
3 0.8359375 0.09375 0.034375 0.128125