3 0.29140625 0.1109375 0.0375 0.17265625
3 0.5140625 0.0171875 0.0296875 0.034375
3 0.51796875 0.3953125 0.040625 0.203125
3 0.5453125 0.35703125 0.0328125 0.203125
3 0.565625 0.42265625 0.0421875 0.19453125
3 0.59375 0.3328125 0.034375 0.18203125
3 0.671875 0.4109375 0.04140625 0.19296875
3 0.6515625 0.3515625 0.0296875 0.18984375
3 0.6421875 0.29375 0.04140625 0.16796875
3 0.6953125 0.2890625 0.046875 0.17265625
3 0.72890625 0.2578125 0.0359375 0.16953125
3 0.7703125 0.2421875 0.03046875 0.16796875
3 0.8 0.20625 0.034375 0.1734375
3 0.79765625 0.1109375 0.02421875 0.11796875
3 0.9859375 0.13828125 0.01953125 0.16015625