3 0.678125 0.09375 0.0421875 0.16640625
3 0.478125 0.02421875 0.0296875 0.0484375
3 0.478125 0.4296875 0.04765625 0.19609375
3 0.4890625 0.3421875 0.04375 0.1875
3 0.4265625 0.3375 0.04765625 0.18828125
3 0.4125 0.296875 0.04140625 0.16875
3 0.375 0.3234375 0.0625 0.18046875
3 0.3078125 0.3265625 0.0453125 0.1796875
3 0.3046875 0.30234375 0.0375 0.18359375
3 0.271875 0.3671875 0.04921875 0.196875
3 0.21796875 0.2453125 0.03984375 0.1625
3 0.1578125 0.253125 0.0390625 0.16015625
3 0.1734375 0.20390625 0.0421875 0.16640625
3 0.15859375 0.134375 0.034375 0.1359375
3 0.0234375 0.159375 0.03203125 0.153125