3 0.734375 0.1078125 0.04140625 0.1734375
3 0.5265625 0.015625 0.02890625 0.0296875
3 0.49375 0.428125 0.05 0.203125
3 0.4515625 0.31875 0.03671875 0.1875
3 0.4 0.31796875 0.03984375 0.1890625
3 0.4171875 0.2703125 0.034375 0.16796875
3 0.34921875 0.27578125 0.04609375 0.184375
3 0.290625 0.24140625 0.03671875 0.1734375
3 0.26171875 0.290625 0.0375 0.19296875
3 0.24140625 0.2625 0.03125 0.17734375
3 0.2578125 0.1890625 0.0296875 0.1375
3 0.2328125 0.1796875 0.034375 0.159375
3 0.2046875 0.15625 0.0375 0.15625
3 0.225 0.1015625 0.0296875 0.1671875
3 0.0390625 0.1421875 0.05 0.16484375
3 0.02578125 0.10859375 0.01953125 0.14375