3 0.715625 0.0453125 0.0375 0.090625
3 0.4703125 0.3640625 0.04375 0.22109375
3 0.41796875 0.246875 0.0296875 0.20546875
3 0.3609375 0.24921875 0.0328125 0.20625
3 0.3765625 0.196875 0.028125 0.184375
3 0.303125 0.20625 0.040625 0.2015625
3 0.23671875 0.17109375 0.03125 0.18984375
3 0.2078125 0.228125 0.0296875 0.2109375
3 0.184375 0.196875 0.02421875 0.19375
3 0.19765625 0.115625 0.025 0.15
3 0.16953125 0.10703125 0.028125 0.17421875
3 0.13828125 0.0828125 0.0328125 0.165625
3 0.15703125 0.0546875 0.0234375 0.109375