3 0.67265625 0.08984375 0.046875 0.17265625
3 0.45625 0.021875 0.03046875 0.04140625
3 0.48125 0.4359375 0.05625 0.2015625
3 0.42578125 0.3359375 0.0421875 0.18671875
3 0.375 0.34140625 0.0453125 0.1875
3 0.38515625 0.29296875 0.03984375 0.1671875
3 0.31875 0.3078125 0.0515625 0.1828125
3 0.25703125 0.28125 0.0421875 0.17265625
3 0.2359375 0.334375 0.04375 0.19140625
3 0.21171875 0.30859375 0.03671875 0.17578125
3 0.2171875 0.234375 0.034375 0.13671875
3 0.1921875 0.2296875 0.0390625 0.1578125
3 0.1609375 0.21015625 0.0421875 0.15546875
3 0.1734375 0.153125 0.034375 0.165625
3 0.01171875 0.2203125 0.0234375 0.16328125