3 0.7375 0.13125 0.04921875 0.16953125
3 0.503125 0.0109375 0.02890625 0.021875
3 0.5109375 0.44296875 0.053125 0.19375
3 0.4625 0.3359375 0.05546875 0.18984375
3 0.4203125 0.303125 0.05078125 0.184375
3 0.39453125 0.2703125 0.040625 0.184375
3 0.34921875 0.278125 0.046875 0.17890625
3 0.32265625 0.259375 0.04765625 0.1765625
3 0.290625 0.2390625 0.04140625 0.17109375
3 0.265625 0.2015625 0.03828125 0.165625
3 0.275 0.19296875 0.0359375 0.1765625
3 0.2171875 0.253125 0.05859375 0.18203125
3 0.2171875 0.1640625 0.0390625 0.16328125
3 0.240625 0.09375 0.0359375 0.1453125
3 0.084375 0.18125 0.05234375 0.1671875