3 0.29609375 0.1140625 0.0328125 0.15625
3 0.57109375 0.00703125 0.0296875 0.0140625
3 0.38125 0.43984375 0.0375 0.19375
3 0.40625 0.39296875 0.03515625 0.196875
3 0.60078125 0.3046875 0.0421875 0.17890625
3 0.6453125 0.278125 0.03203125 0.1734375
3 0.678125 0.2671875 0.03359375 0.16640625
3 0.7125 0.2890625 0.0484375 0.1796875
3 0.71953125 0.2421875 0.0171875 0.16953125
3 0.734375 0.234375 0.0265625 0.13046875
3 0.7765625 0.2046875 0.0296875 0.165625
3 0.7984375 0.2625 0.028125 0.17578125
3 0.825 0.18125 0.0296875 0.16328125
3 0.84375 0.15625 0.021875 0.1625
3 0.9234375 0.375 0.0375 0.17734375